p1,p2,p3
0.1593147658887618,0.454,0.3866852341112382
0.16,0.45384928493763615,0.3861507150623638
0.161,0.4536212421891833,0.38537875781081665
0.162,0.4533853888723249,0.3846146111276751
0.163,0.453141824344899,0.38385817565510094
0.1635639826025281,0.453,0.38343601739747185
0.164,0.45289010708558664,0.38310989291441333
0.165,0.4526301389779606,0.38236986102203935
0.166,0.45236271717106236,0.3816372828289376
0.167,0.45208793685856014,0.3809120631414398
0.1673112106721626,0.452,0.3806887893278374
0.168,0.45180493462088034,0.3801950653791196
0.169,0.451514294677962,0.37948570532203796
0.17,0.4512165437075082,0.37878345629249177
0.1707099627676534,0.451,0.3782900372323466
0.171,0.4509113374535275,0.37808866254647244
0.172,0.45059810091835795,0.3774018990816421
0.173,0.4502779940715394,0.37672200592846056
0.17385008319266365,0.45,0.3761499168073363
0.174,0.4499508639763661,0.376049136023634
0.175,0.4496156356478597,0.37538436435214023
0.176,0.44927377126320805,0.374726228736792
0.17678531061202463,0.449,0.37421468938797536
0.177,0.44892498784073853,0.3740750121592614
0.178,0.4485683565721041,0.373431643427896
0.179,0.4482053173254297,0.3727946826745703
0.17955520267009228,0.448,0.3724447973299077
0.18,0.4478351419994976,0.3721648580005025
0.181,0.4474576814462735,0.37154231855372644
0.182,0.4470740350813854,0.3709259649186147
0.18218953980843386,0.447,0.3708104601915661
0.183,0.4466827207179728,0.3703172792820271
0.184,0.44628499003906624,0.3697150099609338
0.18470538313446533,0.446,0.3692946168655346
0.185,0.4458807009874822,0.3691192990125177
0.186,0.44546908145660563,0.3685309185433944
0.187,0.44505162597206466,0.3679483740279353
0.18712169542594295,0.445,0.36787830457405707
0.188,0.44462656686153706,0.367373433138463
0.189,0.4441955466355026,0.36680445336449735
0.18944716366687941,0.444,0.3665528363331206
0.19,0.44375769862938663,0.3662423013706134
0.191,0.44331330167591315,0.3656866983240868
0.1916958100174945,0.443,0.3653041899825055
0.192,0.4428627241506303,0.3651372758493697
0.193,0.44240513583225183,0.3645948641677481
0.1938747985640058,0.442,0.3641252014359942
0.194,0.4419418859908004,0.36405811400919963
0.195,0.4414712891062223,0.36352871089377764
0.19599040124953382,0.441,0.3630095987504662
0.196,0.4409954220440962,0.36300457795590385
0.197,0.4405119969124911,0.36248800308750884
0.198,0.4400234480330365,0.36197655196696354
0.1980473799999376,0.44,0.3619526200000624
0.199,0.439527490222909,0.36147250977709094
0.2,0.4390264130908417,0.3609735869091583
0.20005206301075784,0.439,0.36094793698924216
0.201,0.4385179957050399,0.36048200429496
0.202,0.43800456441424956,0.3599954355857505
0.2020087834449515,0.438,0.35999121655504845
0.203,0.4374837358552808,0.35951626414471916
0.2039201233281366,0.437,0.3590798766718634
0.204,0.43695791087126434,0.3590420891287357
0.205,0.4364249291268414,0.35857507087315865
0.2057899214769258,0.436,0.35821007852307424
0.206,0.4358867329080397,0.35811326709196034
0.207,0.43534179005283397,0.3576582099471661
0.20762138238638517,0.435,0.35737861761361484
0.208,0.43479126628837106,0.357208733711629
0.209,0.43423452936471063,0.3567654706352894
0.20941726784247272,0.434,0.3565827321575273
0.21,0.43367172002746185,0.3563282799725382
0.211,0.4331033541062725,0.35589664589372755
0.21118006717902682,0.433,0.3558199328209732
0.212,0.4325282995001569,0.3554717004998431
0.21291089903945604,0.432,0.35508910096054397
0.213,0.43194820452415894,0.3550517954758411
0.214,0.4313612065488893,0.3546387934511107
0.2146103720245517,0.431,0.3543896279754483
0.215,0.4307688933539553,0.35423110664604474
0.216,0.4301706395876955,0.3538293604123045
0.2162827525793605,0.43,0.35371724742063954
0.217,0.4295661442590868,0.35343385574091324
0.2179289089795351,0.429,0.3530710910204649
0.218,0.42895657133297954,0.3530434286670205
0.219,0.4283401508031352,0.3526598491968648
0.21954767540610465,0.428,0.35245232459389536
0.22,0.42771841590445964,0.3522815840955404
0.221,0.42709110335793427,0.35190889664206576
0.22114401368299977,0.427,0.35185598631700027
0.222,0.4264572385834985,0.35154276141650154
0.2227160438154787,0.426,0.3512839561845213
0.223,0.42581825148714514,0.3511817485128549
0.224,0.4251732252112019,0.35082677478879815
0.2242665067174818,0.425,0.3507334932825182
0.225,0.42452212179198856,0.35047787820801146
0.22579598597564252,0.424,0.35020401402435747
0.226,0.4238658627571718,0.3501341372428282
0.227,0.42320336722658763,0.3497966327734124
0.22730477508601543,0.423,0.3496952249139846
0.228,0.42253500135227023,0.3494649986477298
0.22879467885583682,0.422,0.3492053211441632
0.229,0.4218614435912033,0.3491385564087967
0.23,0.42118171972749396,0.34881828027250605
0.23026549223203568,0.421,0.3487345077679643
0.231,0.4204960606061239,0.34850393939387614
0.23171848503621806,0.42,0.34828151496378196
0.232,0.4198051703384329,0.3481948296615671
0.233,0.4191084557338262,0.3478915442661738
0.2331545900255618,0.419,0.3478454099744382
0.234,0.41840546563942255,0.34759453436057747
0.2345730664926936,0.418,0.3474269335073064
0.235,0.4176972021352249,0.34730279786477514
0.2359771331955678,0.417,0.34702286680443223
0.236,0.4169836446828518,0.3470163553171482
0.237,0.4162633655779294,0.3467366344220706
0.23736347975832134,0.416,0.34663652024167874
0.238,0.4155376811899491,0.3464623188100509
0.23873598945802507,0.415,0.3462640105419749
0.239,0.4148066562355491,0.34619334376445093
0.24,0.414069892854271,0.345930107145729
0.24009425592649403,0.414,0.345905744073506
0.241,0.41332673303931877,0.34567326696068124
0.24143708993107318,0.413,0.34556291006892687
0.242,0.41257818296730897,0.34542181703269104
0.24276729680021167,0.412,0.3452327031997883
0.243,0.41182421884936254,0.34517578115063746
0.244,0.4110644667774154,0.3449355332225846
0.24408433502273486,0.411,0.34491566497726517
0.245,0.41029832705677316,0.34470167294322684
0.245387217738556,0.41,0.34461278226144404
0.246,0.40952671909851646,0.34447328090148355
0.2466783424019826,0.409,0.3443216575980174
0.247,0.4087496171264104,0.3442503828735896
0.24795792828147684,0.408,0.34404207171852325
0.248,0.40796699476603715,0.34403300523396285
0.249,0.4071778480236716,0.3438221519763284
0.24922417769410035,0.407,0.3437758223058997
0.25,0.4063829687896772,0.3436170312103228
0.250479064369193,0.406,0.343520935630807
0.251,0.4055825088991395,0.3434174911008605
0.2517231608340357,0.405,0.3432768391659643
0.252,0.40477643988745315,0.34322356011254684
0.252956657230189,0.404,0.34304334276981097
0.253,0.4039647326538302,0.3430352673461698
0.254,0.4031465416560074,0.3428534583439926
0.2541782018692708,0.403,0.3428217981307291
0.255,0.40232248194650516,0.34267751805349483
0.2553892515240421,0.402,0.34261074847595785
0.256,0.40149271741584325,0.34250728258415675
0.25659034991069585,0.401,0.34240965008930413
0.257,0.4006572167571835,0.3423427832428165
0.2577816628605927,0.4,0.3422183371394073
0.258,0.39981594798501346,0.34218405201498653
0.25896335165196566,0.399,0.3420366483480344
0.259,0.3989688784238298,0.3420311215761702
0.26,0.3981153215231517,0.3418846784768483
0.2601344644723387,0.398,0.3418655355276613
0.261,0.39725574866703417,0.3417442513329658
0.26129605564647274,0.397,0.34170394435352724
0.262,0.3963903001553391,0.3416096998446609
0.26244857232841945,0.396,0.34155142767158053
0.263,0.39551894094051465,0.34148105905948534
0.2635921560556775,0.395,0.34140784394432244
0.264,0.3946416352363275,0.3413583647636725
0.2647269446378548,0.394,0.34127305536214514
0.265,0.3937583465049079,0.3412416534950921
0.26585307227764843,0.393,0.34114692772235156
0.266,0.3928690374434431,0.3411309625565569
0.2669706696870821,0.392,0.3410293303129178
0.267,0.391973669970511,0.341026330029489
0.268,0.39107178815389665,0.34092821184610334
0.26807924610624273,0.391,0.3409207538937573
0.269,0.3901636490313989,0.3408363509686011
0.26917938968024363,0.39,0.3408206103197563
0.27,0.38924936419052625,0.34075063580947373
0.2702714474152712,0.389,0.3407285525847288
0.271,0.3883288929014345,0.34067110709856546
0.2713555348707507,0.388,0.3406444651292493
0.272,0.3874021935969379,0.3405978064030621
0.27243176471362585,0.387,0.34056823528637414
0.273,0.3864692238568777,0.34053077614312227
0.27350024680702767,0.386,0.3404997531929723
0.274,0.38552994039206645,0.34047005960793353
0.2745610882956478,0.385,0.34043891170435225
0.275,0.3845842990277939,0.3404157009722061
0.2756143936879598,0.384,0.3403856063120402
0.276,0.383632254686884,0.340367745313116
0.27666026493542295,0.383,0.34033973506457704
0.277,0.3826737613722888,0.34032623862771116
0.27769880150879583,0.382,0.3403011984912042
0.278,0.38170877214920523,0.34029122785079474
0.27873010047168395,0.381,0.340269899528316
0.279,0.38073723912670215,0.3402627608732978
0.2797542565514369,0.38,0.3402457434485632
0.28,0.37975911343884183,0.34024088656115814
0.2807713622075039,0.379,0.3402286377924961
0.281,0.37877434522528075,0.3402256547747192
0.28278478114008154,0.377,0.34021521885991846
0.283,0.37678467668749577,0.3402153233125043
0.28477105403448705,0.375,0.340228945965513
0.285,0.37476781397103875,0.3402321860289613
0.28673084535395515,0.373,0.3402691546460448
0.287,0.3727233202883822,0.3402766797116179
0.2886647890581626,0.371,0.3403352109418374
0.289,0.37065074088463723,0.34034925911536285
0.29057349027989426,0.369,0.3404265097201058
0.291,0.36854960227427086,0.3404503977257292
0.2924575268895731,0.367,0.34054247311042696
0.293,0.36641941143406065,0.3405805885659394
0.29431745095629275,0.365,0.3406825490437073
0.295,0.3642596549494706,0.34074034505052947
0.2961537901132346,0.363,0.3408462098867654
0.297,0.36206979811140977,0.3409302018885903
0.2979668331478832,0.361,0.3410331668521168
0.299,0.35984828588217166,0.3411517141178284
0.29975614027091274,0.359,0.3412438597290872
0.301,0.3575948423884764,0.3414051576115237
0.3015231972041541,0.357,0.3414768027958459
0.303,0.35530931033939267,0.3416906896606074
0.3032684520339026,0.355,0.3417315479660974
0.3049922851804169,0.353,0.34200771481958314
0.305,0.3529909869658664,0.34200901303413367
0.30669334523715946,0.351,0.3423066547628406
0.307,0.3506368915412896,0.3423631084587105
0.30837374548114266,0.349,0.3426262545188574
0.309,0.3482484142589956,0.34275158574100445
0.3100338675643427,0.347,0.3429661324356573
0.311,0.3458235687082827,0.3431764312917174
0.3116720839159896,0.345,0.34332791608401036
0.313,0.34336076027748313,0.3436392397225169
0.31329045304162234,0.343,0.3437095469583777
0.314,0.3421155198003199,0.34388448019968004
0.3140923801021771,0.342,0.34390761989782287
0.3148888571147681,0.341,0.34411114288523187
0.315,0.3408598979947505,0.3441401020052495
0.31568001415742103,0.34,0.344319985842579
0.316,0.3395938739358248,0.34440612606417514
0.31646645146129776,0.339,0.34453354853870216
0.317,0.3383181740396345,0.34468182596036556
0.3172482080881654,0.338,0.34475179191183464
0.318,0.337032682484264,0.34496731751573595
0.3180253222822509,0.337,0.3449746777177491
0.318796632408901,0.336,0.345203367591099
0.319,0.33573530605812874,0.3452646939418713
0.3195632090100071,0.335,0.34543679098999286
0.32,0.3344275545122291,0.34557244548777083
0.32032523928058476,0.334,0.3456747607194152
0.321,0.3331095457756251,0.3458904542243749
0.32108275875686854,0.333,0.34591724124313145
0.3218348405591345,0.332,0.3461651594408655
0.322,0.33177946570149147,0.34622053429850846
0.3225819809681732,0.331,0.34641801903182684
0.323,0.33043791882593226,0.3465620811740678
0.32332470065859936,0.33,0.3466752993414007
0.324,0.3290856056070654,0.34691439439293453
0.32406303263508307,0.329,0.3469369673649169
0.32479583501940684,0.328,0.3472041649805931
0.325,0.3277201940938842,0.34727980590611585
0.32552393650582356,0.327,0.3474760634941764
0.326,0.32634293806117415,0.3476570619388258
0.3262477346724757,0.326,0.3477522653275243
0.32696707222961763,0.325,0.34803292777038236
0.327,0.32495399036654204,0.348046009633458
0.3276807289942781,0.324,0.34831927100572196
0.328,0.32355069068499154,0.3484493093150084
0.3283901630816948,0.323,0.3486098369183052
0.329,0.3221356199054808,0.34886438009451926
0.32909540351435757,0.322,0.34890459648564237
0.3297953246176821,0.321,0.34920467538231786
0.33,0.3207062055394108,0.3492937944605891
0.33049055663722093,0.32,0.34950944336277906
0.331,0.3192634272052303,0.3497365727947697
0.3311816704775033,0.319,0.34981832952249675
0.3318679540549251,0.318,0.3501320459450749
0.332,0.3178066027375915,0.35019339726240845
0.3325491385260305,0.317,0.3504508614739695
0.333,0.3163348046083523,0.35066519539164775
0.33322627686021405,0.316,0.3507737231397859
0.33389883253156777,0.315,0.3511011674684323
0.334,0.31484875648796223,0.3511512435120377
0.33456611669609154,0.314,0.3514338833039084
0.335,0.31334652151390624,0.3516534784860938
0.3352294234476921,0.313,0.351770576552308
0.33588816015664624,0.312,0.35211183984335376
0.336,0.3118292679453768,0.3521707320546231
0.3365416841807373,0.311,0.3524583158192626
0.337,0.3102950631857486,0.3527049368142514
0.33719129630616246,0.31,0.3528087036938375
0.3378361222356933,0.309,0.35316387776430663
0.338,0.30874443436243304,0.3532555656375669
0.3384760193997861,0.308,0.3535239806002139
0.339,0.30717659843181366,0.35382340156818637
0.3391120670723858,0.307,0.3538879329276143
0.33974288956080795,0.306,0.3542571104391921
0.34,0.30559021393836155,0.35440978606163837
0.34036928643820297,0.305,0.35463071356179704
0.34099184906247987,0.304,0.3550081509375201
0.341,0.3039868206028266,0.3550131793971734
0.34160861867853576,0.303,0.35539138132146425
0.342,0.3023621856480053,0.3556378143519946
0.34222163530302724,0.302,0.3557783646969728
0.34283000394795365,0.301,0.3561699960520463
0.343,0.30071884842335056,0.35628115157664947
0.3434334521362523,0.3,0.3565665478637477
0.344,0.29905550319327395,0.3569444968067261
0.34403320215922195,0.299,0.35696679784077806
0.3446272817388932,0.298,0.3573727182611069
0.345,0.2973691625349893,0.35763083746501073
0.3452175187076732,0.297,0.35778248129232687
0.3458030608836131,0.296,0.3581969391163869
0.346,0.2956614931910071,0.35833850680899293
0.3463838038178835,0.295,0.35861619618211654
0.34696072507702064,0.294,0.35903927492297943
0.347,0.29393142277936424,0.3590685772206358
0.34753199208076535,0.293,0.35946800791923467
0.348,0.2921759771214027,0.3598240228785973
0.348099678052069,0.292,0.35990032194793103
0.34866201679560044,0.291,0.3603379832043995
0.349,0.29039521797255685,0.36060478202744317
0.3492202752911613,0.29,0.36077972470883873
0.34977380994769836,0.289,0.36122619005230167
0.35,0.2885885300211442,0.3614114699788558
0.3503226563805091,0.288,0.36167734361949094
0.3508673021853725,0.287,0.3621326978146275
0.351,0.28675450744385944,0.3622454925561406
0.35140675104299934,0.286,0.3625932489570007
0.351942422796212,0.285,0.363057577203788
0.352,0.2848916347124576,0.3631083652875424
0.35247248763510486,0.284,0.36352751236489517
0.3529990996826245,0.283,0.3640009003173756
0.353,0.2829982755047991,0.3640017244952009
0.3535197931220255,0.282,0.3644802068779745
0.354,0.2810718319723975,0.36492816802760253
0.35403706571115395,0.281,0.36496293428884596
0.35454859305206665,0.28,0.3654514069479333
0.355,0.2791115582315774,0.3658884417684226
0.3550565323429121,0.279,0.36594346765708785
0.3555588115302273,0.278,0.3664411884697727
0.356,0.27711544159704626,0.36688455840295375
0.35605742742706686,0.277,0.36694257257293306
0.3565503711909708,0.276,0.3674496288090292
0.357,0.2750812754957863,0.3679187245042137
0.3570396726425195,0.275,0.3679603273574804
0.3575231931701511,0.274,0.36847680682984896
0.358,0.27300665932369894,0.3689933406763011
0.35800318816145493,0.273,0.36899681183854505
0.35847719707606135,0.272,0.3695228029239386
0.3589476242701295,0.271,0.3700523757298705
0.359,0.27088754645561874,0.37011245354438127
0.35941230095957727,0.27,0.37058769904042266
0.35987305450139406,0.269,0.3711269454986059
0.36,0.2687217466780415,0.3712782533219585
0.3603284212833601,0.268,0.3716715787166398
0.3607794111650757,0.267,0.37222058883492426
0.361,0.26650612343632174,0.3724938765636783
0.36122547289008633,0.266,0.37277452710991366
0.3616666084630455,0.265,0.37333339153695444
0.362,0.26423713986094555,0.37376286013905446
0.3621033689696677,0.264,0.3738966310303322
0.3625345589213472,0.263,0.37446544107865276
0.36296182739461846,0.262,0.3750381726053815
0.363,0.26190961611542685,0.37509038388457316
0.3633831733558341,0.261,0.37561682664416585
0.3638003288207194,0.26,0.37619967117928055
0.364,0.25951604322407607,0.37648395677592394
0.3642123608366959,0.259,0.37678763916330416
0.3646193100872386,0.258,0.3773806899127614
0.365,0.25705483304620425,0.37794516695379576
0.36502202865183586,0.257,0.37797797134816413
0.36541867773249104,0.256,0.37858132226750896
0.3658111310532144,0.255,0.3791888689467856
0.366,0.25451286796928235,0.37948713203071766
0.36619833644895344,0.254,0.3798016635510466
0.3665803174491581,0.253,0.3804196825508419
0.36695797773827926,0.252,0.3810420222617208
0.367,0.2518871801916482,0.3811128198083518
0.3673296016479221,0.251,0.38167039835207783
0.36769661505549506,0.25,0.382303384944505
0.368,0.24916289077186538,0.38283710922813463
0.3680588836864546,0.249,0.3829411163135453
0.3684151527283748,0.248,0.38358484727162523
0.36876689452158434,0.247,0.3842331054784157
0.369,0.24632800281203796,0.3846719971879621
0.3691134879097495,0.246,0.3848865120902505
0.3694543067886838,0.245,0.38554569321131626
0.36979046826802137,0.244,0.3862095317319787
0.37,0.24336726927546878,0.3866327307245312
0.37012131175337054,0.243,0.3868786882466294
0.3704463690820863,0.242,0.3875536309179137
0.3707666366943239,0.241,0.38823336330567615
0.371,0.2402596947517479,0.3887403052482521
0.3710816531076686,0.24,0.3889183468923314
0.3713906325311592,0.239,0.3896093674688408
0.3716946876852146,0.238,0.3903053123147855
0.371993766111444,0.237,0.39100623388855593
0.372,0.2369787490945058,0.3910212509054942
0.37228637721927954,0.236,0.3917136227807205
0.37257389609337616,0.235,0.3924261039066238
0.37285630030616634,0.234,0.39314369969383367
0.373,0.23348106149634293,0.39351893850365705
0.37313286985759775,0.233,0.39386713014240227
0.3734035231971699,0.232,0.39459647680283005
0.373668921524305,0.231,0.39533107847569504
0.3739290097167794,0.23,0.3960709902832207
0.374,0.22972081510264564,0.39627918489735436
0.37418281613169396,0.229,0.396817183868306
0.3744308711743929,0.228,0.39756912882560713
0.3746734720818662,0.227,0.39832652791813383
0.37491056207083273,0.226,0.3990894379291673
0.375,0.2256131213274097,0.39938687867259026
0.37514137569793254,0.225,0.39985862430206753
0.3753661433483748,0.224,0.4006338566516252
0.3755852522592731,0.223,0.40141474774072694
0.37579864391384826,0.222,0.4022013560861517
0.376,0.22103007782337158,0.4029699221766284
0.3760062280691781,0.221,0.402993771930822
0.3762070008982748,0.22,0.4037929991017253
0.3764019046472035,0.219,0.40459809535279645
0.37659087898880306,0.218,0.40540912101119697
0.37677386303174704,0.217,0.40622613696825305
0.3769507953130232,0.216,0.4070492046869768
0.377,0.21571145363463817,0.4072885463653618
0.37712100657841463,0.215,0.4078789934215854
0.3772848248191854,0.214,0.4087151751808147
0.37744243260336086,0.213,0.4095575673966392
0.37759376652484955,0.212,0.4104062334751505
0.3777387625720911,0.211,0.4112612374279089
0.37787735611984086,0.21,0.4121226438801592
0.378,0.20907160460671745,0.4129283953932825
0.37800943447511426,0.209,0.4129905655248858
0.378134397374468,0.208,0.41386560262553207
0.3782527916743335,0.207,0.4147472083256666
0.3783645506602754,0.206,0.4156354493397246
0.37846960696708215,0.205,0.41653039303291794
0.3785678925697643,0.204,0.41743210743023573
0.3786593387743969,0.203,0.41834066122560315
0.37874387620880257,0.202,0.4192561237911974
0.3788214348130718,0.201,0.42017856518692814
0.37889194382991587,0.2,0.4211080561700841
0.3789553317948499,0.199,0.42204466820515
0.379,0.1982047274916097,0.42279527250839033
0.37901146835627697,0.198,0.422988531643723
0.3790601496328386,0.197,0.42393985036716136
0.3791015276236692,0.196,0.42489847237633077
0.3791355284491872,0.195,0.4258644715508128
0.3791620774778759,0.194,0.4268379225221241
0.37918109931545974,0.193,0.42781890068454026
0.37919251779388136,0.192,0.4288074822061187
0.379196255960075,0.191,0.429803744039925
0.37919223606453145,0.19,0.43080776393546855
0.3791803795496481,0.189,0.4318196204503519
0.3791606070378615,0.188,0.4328393929621385
0.3791328383195539,0.187,0.4338671616804461
0.3790969923407312,0.186,0.43490300765926876
0.3790529871904636,0.185,0.43594701280953646
0.3790007400880859,0.184,0.4369992599119141
0.379,0.18398775294860306,0.43701224705139696
0.3789398578756966,0.183,0.4380601421243034
0.3788705172636525,0.182,0.4391294827363475
0.37879263598143786,0.181,0.44020736401856214
0.37870612700322004,0.18,0.44129387299677997
0.37861090235673067,0.179,0.44238909764326934
0.3785068731087405,0.178,0.4434931268912596
0.3783939493502441,0.177,0.44460605064975584
0.378272040181345,0.176,0.44572795981865493
0.37814105369583395,0.175,0.44685894630416606
0.3780008969654527,0.174,0.4479991030345473
0.378,0.17399398271865948,0.4480060172813405
0.37785069282802936,0.173,0.4491493071719706
0.37769107311905054,0.172,0.4503089268809494
0.377521945740653,0.171,0.45147805425934695
0.377343212772944,0.17,0.45265678722705593
0.37715477517970264,0.169,0.4538452248202973
0.377,0.16821885071808992,0.45478114928191005
0.37695630063296215,0.168,0.4550436993670378
0.3767470384932204,0.167,0.45625296150677963
0.37652771094905,0.166,0.45747228905094994
0.37629821350871373,0.165,0.45870178649128623
0.3760584404585855,0.164,0.45994155954141447
0.376,0.16376595002371966,0.46023404997628037
0.3758072474589144,0.163,0.4611927525410855
0.3755451871178415,0.162,0.4624548128821585
0.3752724648317613,0.161,0.4637275351682386
0.375,0.16003882015839543,0.46496117984160457
0.3749889086017868,0.16,0.46501109139821317
0.3746929140637047,0.159,0.4663070859362952
0.37438585335855007,0.158,0.46761414664144996
0.37406760977267434,0.157,0.4689323902273257
0.374,0.15679444048993615,0.4692055595100638
0.37373661579585105,0.156,0.4702633842041489
0.37339375887594467,0.155,0.47160624112405536
0.3730392905035219,0.154,0.47296070949647806
0.373,0.1538924735011181,0.4731075264988819
0.37267125876955093,0.153,0.4743287412304491
0.37229107478114,0.152,0.47570892521886
0.372,0.15125745440331517,0.47674254559668483
0.37189825911385294,0.151,0.4771017408861471
0.3714915371714204,0.15,0.4785084628285795
0.37107241740483254,0.149,0.47992758259516743
0.371,0.14883188613660614,0.48016811386339386
0.370638715803742,0.148,0.4813612841962579
0.3701918542461445,0.147,0.48280814575385556
0.37,0.14658209213428183,0.48341790786571814
0.36973056337440674,0.146,0.4842694366255932
0.3692550591942521,0.145,0.4857449408057479
0.369,0.1444775247128754,0.4865224752871246
0.36876494247377756,0.144,0.4872350575262224
0.36825985884903933,0.143,0.48874014115096065
0.368,0.14249840907888586,0.4895015909211141
0.36773962061143467,0.142,0.49026037938856526
0.3672039828647003,0.141,0.49179601713529975
0.367,0.1406283091787284,0.49237169082127163
0.36665226491639535,0.14,0.49334773508360463
0.36608505853262285,0.139,0.49491494146737713
0.366,0.13885344600951413,0.4951465539904859
0.3655004364874322,0.138,0.49649956351256785
0.365,0.13716535363198287,0.4978346463680171
0.36490000426361063,0.137,0.4980999957363894
0.3642815843663141,0.136,0.4997184156336859
0.364,0.13555491907363104,0.500445080926369
0.3636458778984651,0.135,0.501354122101535
0.363,0.13401063545040837,0.5029893645495916
0.3629929962309318,0.134,0.5030070037690683
0.36232044175619205,0.133,0.504679558243808
0.362,0.13253389416832004,0.50546610583168
0.3616297154566115,0.132,0.5063702845433885
0.361,0.13111143878646409,0.507888561213536
0.36092032199148916,0.131,0.5080796780085108
0.3601904968259389,0.13,0.5098095031740612
0.36,0.12974431760146554,0.5102556823985345
0.3594404668618861,0.129,0.511559533138114
0.359,0.12842600685770575,0.5125739931422942
0.3586701364794136,0.128,0.5133298635205864
0.358,0.12715188815880213,0.5148481118411978
0.3578788910115544,0.127,0.5151211089884455
0.35706566458834127,0.126,0.5169343354116588
0.357,0.12592079698512265,0.5170792030148774
0.3562295692317238,0.125,0.5187704307682762
0.356,0.12473089283512641,0.5192691071648736
0.3553707040840363,0.124,0.5206292959159636
0.355,0.1235775908835404,0.5214224091164597
0.3544883647681416,0.123,0.5225116352318584
0.354,0.12245895636742356,0.5235410436325765
0.35358181988395065,0.122,0.5244181801160493
0.353,0.12137318266222016,0.5256268173377798
0.35265030970224875,0.121,0.5263496902977512
0.352,0.12031858062263061,0.5276814193773695
0.351693044783018,0.12,0.528306955216982
0.351,0.1192935689647785,0.5297064310352215
0.3507092045131371,0.119,0.530290795486863
0.35,0.11829666557265621,0.5317033344273439
0.34969793555793605,0.118,0.532302064442064
0.349,0.11732647962660761,0.5336735203733924
0.3486583502206558,0.117,0.5343416497793443
0.348,0.11638170446432136,0.5356182955356786
0.3475895247033818,0.116,0.5364104752966182
0.347,0.11546111109576851,0.5375388889042315
0.3464904972625096,0.115,0.5385095027374904
0.346,0.11456354230298843,0.5394364576970117
0.3453602662512352,0.114,0.5406397337487648
0.345,0.11368790726383658,0.5413120927361634
0.3441977880409488,0.113,0.5428022119590512
0.344,0.11283317664592918,0.5431668233540708
0.3430019748127371,0.112,0.5449980251872629
0.343,0.11199837812322266,0.5450016218767774
0.342,0.11118513382010534,0.5468148661798946
0.34176996071534066,0.111,0.5472300392846594
0.341,0.11039025787491363,0.5486097421250864
0.34050196718170206,0.11,0.549498032818298
0.34,0.1096128875973718,0.5503871124026282
0.3391967539150551,0.109,0.5518032460849449
0.339,0.10885222695509131,0.5521477730449087
0.338,0.10810897405735585,0.553891025942644
0.3378518470206408,0.108,0.5541481529793592
0.337,0.10738311909078031,0.5556168809092197
0.33646511882560204,0.107,0.556534881174398
0.336,0.10667195490196332,0.5573280450980366
0.3350366512397853,0.106,0.5589633487602147
0.335,0.10597482309940816,0.5590251769005918
0.334,0.10529492773603435,0.5607050722639656
0.3335613217886924,0.105,0.5614386782113077
0.333,0.10462827922556663,0.5623717207744334
0.33204036305585644,0.104,0.5639596369441436
0.332,0.1039739670015435,0.5640260329984564
0.331,0.1033357280621089,0.5656642719378911
0.3304678579671967,0.103,0.5665321420328033
0.33,0.10270916861832537,0.5672908313816746
0.329,0.1020946395183949,0.5689053604816051
0.3288442989321754,0.102,0.5691557010678246
0.328,0.10149427529452959,0.5705057247054703
0.3271648335633652,0.101,0.5718351664366348
0.327,0.10090385410204841,0.5720961458979517
0.326,0.10032700178948191,0.573672998210518
0.3254263020634408,0.1,0.5745736979365592
0.325,0.0997604818939517,0.5752395181060483
0.324,0.09920519361646474,0.5767948063835352
0.32362610305170714,0.099,0.5773738969482929
0.323,0.09866125409332079,0.5783387459066792
0.322,0.09812681735060473,0.5798731826493952
0.321759917376026,0.098,0.5802400826239741
0.321,0.09760421405007806,0.581395785949922
0.32,0.09708995177182822,0.5829100482281717
0.31982301413316827,0.097,0.5831769858668318
0.319,0.09658751152877033,0.5844124884712297
0.318,0.09609277975931486,0.5859072202406851
0.3178102000054755,0.096,0.5861897999945246
0.317,0.09560939509796174,0.5873906049020383
0.316,0.09513358086324956,0.5888664191367504
0.31571576093346565,0.095,0.5892842390665344
0.315,0.09466820514777873,0.5903317948522213
0.314,0.09421072448788526,0.5917892755121147
0.31353339473677705,0.094,0.5924666052632229
0.313,0.09376236747504382,0.5932376325249562
0.312,0.09332266362712008,0.5946773363728799
0.3112561330011263,0.093,0.5957438669988737
0.311,0.09289038738196158,0.5961096126180385
0.31,0.09246792910011228,0.5975320708998877
0.309,0.09205144781116537,0.5989485521888347
0.3088748521469634,0.092,0.5991251478530366
0.308,0.09164512424002162,0.6003548757599784
0.307,0.09124524637628088,0.6017547536237192
0.3063780039234818,0.091,0.6026219960765182
0.306,0.09085291999386484,0.6031470800061352
0.305,0.09046916667539837,0.6045308333246017
0.304,0.09009110490146774,0.6059088950985322
0.3037556313551576,0.09,0.6062443686448424
0.303,0.08972196359405263,0.6072780364059475
0.302,0.08935944620353319,0.6086405537964668
0.301,0.08900247817869543,0.6099975218213046
0.30099295881885935,0.089,0.6100070411811407
0.3,0.08865504347053371,0.6113449565294662
0.299,0.08831307085493852,0.6126869291450615
0.298069879380134,0.088,0.6139301206198661
0.298,0.08797678137170095,0.614023218628299
0.297,0.0876493939897119,0.6153506060102881
0.296,0.08732731185549779,0.6166726881445022
0.295,0.08701051778453149,0.6179894822154686
0.2949662836431831,0.087,0.6180337163568169
0.294,0.08670240306416357,0.6192975969358364
0.293,0.08639959146567959,0.6206004085343205
0.292,0.08610194782674739,0.6218980521732526
0.29165176420568056,0.086,0.6223482357943194
0.291,0.08581160082555551,0.6231883991744446
0.29,0.08552747186059845,0.6244725281394015
0.289,0.08524839719575887,0.6257516028042412
0.28809367085704485,0.085,0.6269063291429552
0.288,0.08497464925366857,0.6270253507463314
0.287,0.08470864494627275,0.6282913550537274
0.286,0.08444758732723077,0.6295524126727692
0.285,0.08419146311881166,0.6308085368811884
0.2842380573016853,0.084,0.6317619426983148
0.284,0.08394092301912204,0.6320590769808779
0.283,0.08369735813082084,0.6333026418691793
0.282,0.0834586258077611,0.6345413741922389
0.281,0.08322471406376246,0.6357752859362376
0.2800191810499739,0.083,0.6369808189500261
0.28,0.08299565956102709,0.6370043404389729
0.279,0.08277382594369598,0.638226174056304
0.278,0.08255671836508746,0.6394432816349125
0.277,0.08234432605394718,0.6406556739460528
0.276,0.08213663843567012,0.6418633615643299
0.2753271583153972,0.082,0.6426728416846028
0.275,0.08193437193172722,0.6430656280682727
0.274,0.08173823079415543,0.6442617692058445
0.273,0.08154670664440386,0.6454532933555961
0.272,0.08135979004506627,0.6466402099549338
0.271,0.08117747174595731,0.6478225282540426
0.2700014495714343,0.081,0.6489985504285658
0.27,0.08099974548148804,0.649000254518512
0.269,0.08082847707229567,0.6501715229277043
0.268,0.0806617255986926,0.6513382744013074
0.267,0.0804994828789591,0.6525005171210408
0.266,0.08034174091051954,0.6536582590894804
0.265,0.08018849186933898,0.654811508130661
0.264,0.0800397281093456,0.6559602718906544
0.2637248933867008,0.08,0.6562751066132992
0.263,0.07989656844237242,0.6571034315576276
0.262,0.079758255582003,0.658241744417997
0.261,0.07962435418904132,0.6593756458109586
0.26,0.07949485761292047,0.6605051423870796
0.259,0.07936975937453607,0.6616302406254639
0.258,0.07924905316586184,0.6627509468341382
0.257,0.07913273284959038,0.6638672671504096
0.256,0.07902079245879969,0.6649792075412003
0.25580687943910213,0.079,0.6651931205608979
0.255,0.07891415142731452,0.6660858485726855
0.254,0.07881205141296077,0.6671879485870392
0.253,0.07871426522559706,0.6682857347744029
0.252,0.0786207878278686,0.6693792121721314
0.251,0.07853161434790622,0.6704683856520938
0.25,0.07844674007917572,0.6715532599208243
0.249,0.07836616048035225,0.6726338395196477
0.248,0.07828987117521953,0.6737101288247804
0.247,0.07821786795259456,0.6747821320474054
0.246,0.07815014676627725,0.6758498532337227
0.245,0.07808670373502602,0.676913296264974
0.244,0.07802753514255817,0.6779724648574419
0.24349870228848952,0.078,0.6785012977115105
0.243,0.0779729249855149,0.6790270750144851
0.242,0.07792282583563903,0.680077174164361
0.241,0.0778769449594787,0.6811230550405213
0.24,0.07783527950481917,0.6821647204951808
0.239,0.07779782678161137,0.6832021732183886
0.238,0.07776458426215252,0.6842354157378475
0.237,0.07773554958129375,0.6852644504187062
0.236,0.07771072053667408,0.686289279463326
0.235,0.07769009508898106,0.687309904911019
0.234,0.07767367136223884,0.6883263286377612
0.233,0.07766144764412303,0.689338552355877
0.232,0.07765342238630393,0.6903465776136961
0.231,0.077649594204817,0.691350405795183
0.23,0.0776499618804621,0.6923500381195379
0.229,0.07765452435923062,0.6933454756407694
0.228,0.07766328075276231,0.6943367192472377
0.227,0.0776762303388308,0.6953237696611693
0.226,0.07769337256185847,0.6963066274381415
0.225,0.0777147070334622,0.6972852929665379
0.224,0.07774023353302832,0.6982597664669717
0.223,0.0777699520083193,0.6992300479916808
0.222,0.07780386257611079,0.7001961374238892
0.221,0.0778419655228611,0.7011580344771389
0.22,0.0778842613054117,0.7021157386945883
0.219,0.07793075055172125,0.7030692494482788
0.218,0.07798143406163217,0.7040185659383679
0.2176619188983995,0.078,0.7043380811016006
0.217,0.07803668655668435,0.7049633134433156
0.216,0.07809636857079012,0.7059036314292099
0.215,0.07816028998157777,0.7068397100184223
0.214,0.07822845215783886,0.7077715478421611
0.213,0.07830085664735557,0.7086991433526445
0.212,0.07837750517786751,0.7096224948221326
0.211,0.07845839965807509,0.7105416003419249
0.21,0.07854354217868167,0.7114564578213184
0.209,0.07863293501347429,0.7123670649865257
0.208,0.07872658062044337,0.7132734193795567
0.207,0.07882448164294312,0.714175518357057
0.206,0.07892664091089265,0.7150733590891074
0.20531088162481276,0.079,0.7156891183751872
0.205,0.07903339664028965,0.7159666033597104
0.204,0.07914520216893163,0.7168547978310684
0.203,0.07926131617723747,0.7177386838227624
0.202,0.07938174215661484,0.7186182578433852
0.201,0.07950648379441506,0.7194935162055849
0.2,0.07963554497539381,0.7203644550246062
0.199,0.07976892978321652,0.7212310702167835
0.198,0.07990664250201523,0.7220933574979849
0.19734298476464407,0.08,0.722657015235356
0.197,0.08004917618642696,0.722950823813573
0.196,0.08019702507537715,0.7238029749246229
0.195,0.08034925609461128,0.7246507439053886
0.194,0.08050587426785454,0.7254941257321456
0.193,0.08066688483060204,0.7263331151693979
0.192,0.0808322932319883,0.7271677067680118
0.19101240896861083,0.081,0.7279875910313892
0.191,0.08100212609451303,0.7279978739054869
0.19,0.08117807986546452,0.7288219201345355
0.189,0.0813584890667236,0.7296415109332763
0.188,0.08154335995684234,0.7304566400431577
0.187,0.08173269902105298,0.731267300978947
0.186,0.0819265129735015,0.7320734870264985
0.18562963664743598,0.082,0.7323703633525641
0.185,0.08212604159744755,0.7328739584025524
0.184,0.08233082581101654,0.7336691741889835
0.183,0.0825401462614862,0.7344598537385137
0.182,0.08275401055182019,0.7352459894481799
0.181,0.08297242652897634,0.7360275734710237
0.18087644530427163,0.083,0.7361235546957284
0.18,0.08319731968650015,0.7368026803134999
0.179,0.08342709167278935,0.7375729083272106
0.178,0.08366148016839459,0.7383385198316055
0.177,0.08390049398535557,0.7390995060146444
0.17659183779717172,0.084,0.7394081622028283
0.176,0.08414554896132931,0.7398544510386708
0.175,0.08439625979183342,0.7406037402081665
0.174,0.08465166381235001,0.7413483361876501
0.173,0.08491177086953694,0.742088229130463
0.17266705319609554,0.085,0.7423329468039045
0.172,0.08517830535795118,0.742821694642049
0.171,0.08545046084733927,0.7435495391526606
0.17,0.08572739053960916,0.7442726094603908
0.16903235232914146,0.086,0.7449676476708585
0.169,0.08600919341951167,0.7449908065804883
0.168,0.08629847130384226,0.7457015286961577
0.167,0.0865925972452143,0.7464074027547857
0.166,0.08689158308632494,0.747108416913675
0.16564342648017916,0.087,0.7473565735198209
0.165,0.08719732063608493,0.747802679363915
0.164,0.08750902685510926,0.7484909731448907
0.163,0.08782567063212825,0.7491743293678718
0.16245816917018838,0.088,0.7495418308298116
0.162,0.08814867577883792,0.7498513242211621
0.161,0.08847835735119909,0.7505216426488008
0.16,0.08881305725246876,0.7511869427475312
0.15944998289674286,0.089,0.7515500171032572
0.159,0.08915424753297982,0.7518457524670201
0.158,0.08950231126094582,0.7524976887390542
0.157,0.08985547741004082,0.7531445225899591
0.15659686710094098,0.09,0.753403132899059
0.156,0.09021579311102243,0.7537842068889775
0.155,0.0905826582542787,0.7544173417457213
0.154,0.09095471345733665,0.7550452865426633
0.1538800663227496,0.091,0.7551199336772505
0.153,0.09133511885838878,0.7556648811416112
0.152,0.09172121792132477,0.7562787820786752
0.1512879035725873,0.092,0.7567120964274127
0.151,0.09211366208410973,0.7568863379158902
0.15,0.0925140831680065,0.7574859168319935
0.149,0.09291986274912409,0.7580801372508759
0.14880525283235727,0.093,0.7581947471676428
0.148,0.0933341348393262,0.7586658651606738
0.147,0.0937545996077987,0.7592454003922013
0.14642408703482335,0.094,0.7595759129651767
0.146,0.09418221634924978,0.7598177836507503
0.145,0.09461765876677643,0.7603823412332236
0.14413309559768264,0.095,0.7608669044023174
0.144,0.0950591896311523,0.7609408103688476
0.143,0.0955099087280186,0.7614900912719814
0.142,0.09596625137646572,0.7620337486235342
0.14192701914991587,0.096,0.7620729808500841
0.141,0.09643223757186534,0.7625677624281346
0.14,0.09690424964223661,0.7630957503577633
0.13979974539045822,0.097,0.7632002546095418
0.139,0.09738555378798594,0.763614446212014
0.138,0.09787355083524404,0.7641264491647559
0.13774413654595868,0.098,0.7642558634540414
0.137,0.09837078714534929,0.7646292128546507
0.136,0.09887509230850694,0.765124907691493
0.13575538426586425,0.099,0.7652446157341357
0.135,0.09938888960416635,0.7656111103958336
0.134,0.09990983394359769,0.7660901660564023
0.1338290432970239,0.1,0.7661709567029761
0.133,0.10044083627299581,0.7665591637270042
0.132,0.10097875912771268,0.7670212408722873
0.13196099675436646,0.101,0.7670390032456336
0.131,0.10152762641446418,0.7674723735855358
0.13014939504749098,0.102,0.767850604952509
0.13,0.10208364130870448,0.7679163586912955
0.129,0.10265028450334127,0.7683497154966588
0.12838986164630045,0.103,0.7686101383536996
0.128,0.10322527571340531,0.7687747242865947
0.127,0.10380986134103419,0.7691901386589658
0.1266785040850213,0.104,0.7693214959149787
0.126,0.10440453433772962,0.7695954656622703
0.12501234576825404,0.105,0.769987654231746
0.125,0.1050075036508711,0.7699924963491289
0.124,0.10562251400871105,0.770377485991289
0.12339298063883779,0.106,0.7706070193611623
0.123,0.1062463560958435,0.7707536439041565
0.122,0.10688034110757536,0.7711196588924246
0.12181340282519712,0.107,0.7711865971748029
0.121,0.10752581243489212,0.7714741875651079
0.12027445507171027,0.108,0.7717255449282897
0.12,0.10818081643594835,0.7718191835640517
0.119,0.10884705072379086,0.7721529492762091
0.1187729822125846,0.109,0.7722270177874154
0.118,0.10952496422704393,0.7724750357729561
0.11730809007430883,0.11,0.7726919099256911
0.117,0.11021321765934532,0.7727867823406547
0.116,0.11091291896268637,0.7730870810373136
0.11587692419531075,0.111,0.7731230758046893
0.115,0.11162542322790464,0.7733745767720954
0.11448042120072298,0.112,0.773519578799277
0.114,0.11234911552134716,0.7736508844786528
0.11311388738512654,0.113,0.7738861126148735
0.113,0.11308432279056571,0.7739156772094343
0.112,0.11383290826330666,0.7741670917366934
0.11177919276112079,0.114,0.7742208072388792
0.111,0.11459433858013636,0.7744056614198637
0.1104738139438177,0.115,0.7745261860561823
0.11,0.11536819408023884,0.7746318059197612
0.10919557261532409,0.116,0.7748044273846759
0.109,0.11615482709601778,0.7748451729039822
0.108,0.11695500928535182,0.7750449907146482
0.10794438056841554,0.117,0.7750556194315845
0.107,0.11776997936462852,0.7752300206353715
0.10672085283298693,0.118,0.7752791471670131
0.106,0.11859870627958972,0.7754012937204103
0.1055219215762109,0.119,0.7754780784237891
0.105,0.11944157071586241,0.7755584292841377
0.10434689621827743,0.12,0.7756531037817226
0.104,0.12029896182648829,0.7757010381735118
0.1031951052547799,0.121,0.7758048947452201
0.103,0.12117127751308328,0.7758287224869167
0.1020658955612592,0.122,0.7759341044387408
0.102,0.12205892471639648,0.7759410752836036
0.101,0.12296266236837633,0.7760373376316236
0.10095912103566594,0.123,0.776040878964334
0.1,0.1238829634724205,0.7761170365275796
0.09987419861502163,0.124,0.7761258013849783
0.099,0.1248197243076694,0.7761802756923306
0.09880975427874843,0.125,0.7761902457212516
0.098,0.12577338668700724,0.7762266133129928
0.09776521030670715,0.126,0.7762347896932928
0.097,0.12674440290091618,0.7762555970990839
0.096740003886082,0.127,0.776259996113918
