'p1','p2','p3'
0.135,0.5450879987713768,0.3199120012286232
0.134,0.5452597114034808,0.32074028859651915
0.133,0.5454243258224613,0.32157567417753874
0.132,0.5455817540779863,0.32241824592201374
0.131,0.545731907058291,0.323268092941709
0.13,0.5458746944652788,0.3241253055347212
0.12907391777709198,0.546,0.324926082222908
0.129,0.5460099878524577,0.3249900121475423
0.128,0.5461372973387958,0.3258627026612042
0.127,0.5462569907942438,0.32674300920575616
0.126,0.5463689732881422,0.32763102671185784
0.125,0.5464731485744404,0.3285268514255596
0.124,0.5465694190622662,0.3294305809377338
0.123,0.5466576857856127,0.3303423142143873
0.122,0.5467378483721075,0.3312621516278925
0.121,0.5468098050108308,0.33219019498916924
0.12,0.5468734524191402,0.3331265475808598
0.119,0.5469286858084657,0.33407131419153435
0.118,0.5469753988490291,0.3350246011509709
0.1173535180653755,0.547,0.33564648193462443
0.117,0.5470134338283182,0.33598656617168177
0.116,0.5470426723622809,0.33695732763771913
0.115,0.5470630945571298,0.33793690544287025
0.114,0.5470745880033252,0.3389254119966748
0.113,0.5470770385644127,0.3399229614355873
0.112,0.5470703303344857,0.3409296696655143
0.111,0.5470543455942203,0.34194565440577973
0.11,0.5470289647654196,0.3429710352345804
0.10916970446963056,0.547,0.34383029553036937
0.109,0.5469940442819393,0.3440059557180607
0.108,0.5469493390217326,0.3450506609782674
0.107,0.5468948307566014,0.3461051692433986
0.106,0.5468303914521465,0.3471696085478535
0.105,0.5467558909528992,0.3482441090471008
0.104,0.5466711969261612,0.34932880307383884
0.103,0.5465761748038026,0.3504238251961974
0.102,0.546470687721922,0.35152931227807804
0.101,0.5463545964582631,0.3526454035417369
0.1,0.5462277593672851,0.35377224063271495
0.099,0.5460900323127673,0.3549099676872327
0.09839425492821666,0.546,0.35560574507178333
0.098,0.5459410481472745,0.3560589518527255
0.097,0.5457804975953174,0.3572195024046826
0.096,0.545608565712646,0.358391434287354
0.095,0.5454250970058114,0.3595749029941886
0.094,0.5452299330986724,0.3607700669013276
0.093,0.5450229126470241,0.36197708735297596
0.09289518371807812,0.545,0.3621048162819218
0.092,0.5448031303808905,0.3631968696191096
0.091,0.5445710260348514,0.3644289739651486
0.09,0.5443265145659079,0.36567348543409217
0.089,0.5440694210697826,0.3669305789302174
0.08874231357251121,0.544,0.3672576864274888
0.088,0.5437988059547653,0.36820119404523477
0.087,0.5435149345027602,0.3694850654972398
0.086,0.5432178837379634,0.3707821162620366
0.08529762840325085,0.543,0.3717023715967491
0.085,0.5429071101990453,0.3720928898009548
0.084,0.5425818884147694,0.37341811158523064
0.083,0.5422428501824698,0.3747571498175303
0.08231166749188454,0.542,0.3756883325081154
0.082,0.5418893693055553,0.3761106306944447
0.081,0.5415206732981699,0.37747932670183015
0.08,0.5411374797009096,0.3788625202990904
0.0796539837114144,0.541,0.37934601628858555
0.079,0.5407385663269766,0.38026143367302345
0.078,0.5403241248076494,0.3816758751923507
0.07724522207976031,0.54,0.3827547779202396
0.077,0.5398940469931189,0.3831059530068811
0.076,0.5394471904935269,0.3845528095064732
0.07503328291020993,0.539,0.38596671708979
0.075,0.5389845088588158,0.3860154911411843
0.074,0.538504011708637,0.387495988291363
0.073,0.5380071841618589,0.38899281583814116
0.07298597592880454,0.538,0.38901402407119545
0.072,0.5374917857390201,0.3905082142609799
0.07107604285682578,0.537,0.3919239571431742
0.071,0.5369592742695358,0.3920407257304642
0.06928359619248634,0.536,0.3947164038075136
0.069,0.5358376578150823,0.39516234218491775
0.067,0.5346391594020588,0.3983608405979413
0.0659837405099649,0.534,0.40001625949003505
0.065,0.5333603956893054,0.4016396043106947
0.06300318907634914,0.532,0.4049968109236508
0.063,0.5319977795865998,0.4050022204134003
0.061,0.53054571910145,0.40845428089855007
0.06028086844552697,0.53,0.40971913155447304
0.059,0.5290016133634756,0.41199838663652444
0.05899799312545447,0.529,0.41200200687454547
0.058,0.5281925765377516,0.4138074234622483
0.05776796582304876,0.528,0.4142320341769512
0.057,0.5273585473473131,0.4156414526526868
0.05658141194495034,0.527,0.4164185880550496
0.056,0.5264987844061465,0.41750121559385345
0.05543562579790284,0.526,0.41856437420209713
0.055,0.5256125193119462,0.41938748068805376
0.05432810451119321,0.525,0.4206718954888068
0.054,0.5246989552840445,0.4213010447159554
0.0532565282942103,0.524,0.42274347170578963
0.053,0.5237572657107871,0.4232427342892129
0.05221874287920548,0.523,0.4247812571207945
0.052,0.5227865925985279,0.42521340740147207
0.05121274386469475,0.522,0.4267872561353052
0.051,0.5217860449135685,0.42721395508643145
0.050236662715613896,0.521,0.4287633372843861
0.05,0.5207546968074102,0.4292453031925898
0.04928875421045004,0.52,0.4307112457895499
0.049,0.5196915857145956,0.43130841428540434
0.04836738515427147,0.519,0.43263261484572857
0.048,0.5185957103111847,0.4334042896888153
0.047471024200760215,0.518,0.43452897579923977
0.047,0.5174660283204952,0.4355339716795048
0.046598232646784275,0.517,0.4364017673532157
0.046,0.5163014541511287,0.43769854584887125
0.04574765608031118,0.516,0.4382523439196888
0.045,0.5151008563504526,0.4398991436495474
0.04491801677707266,0.515,0.44008198322292735
0.04411036557389674,0.514,0.4418896344261033
0.044,0.5138624544196503,0.4421375455803497
0.04332338716634034,0.513,0.44367661283365967
0.043,0.5125849969192834,0.4444150030807166
0.04255426046169267,0.512,0.44544573953830735
0.042,0.5112676286682633,0.4467323713317367
0.04180193673435656,0.511,0.4471980632656435
0.04106677565143683,0.51,0.4489332243485632
0.041,0.5099085887022397,0.4490914112977603
0.04035088676059181,0.509,0.45064911323940815
0.04,0.5085054675353846,0.45149453246461535
0.03964923246701822,0.508,0.45235076753298176
0.039,0.5070579623467281,0.4539420376532719
0.03896092991608932,0.507,0.45403907008391065
0.03829105510496512,0.506,0.4557089448950349
0.038,0.5055625186576745,0.4564374813423254
0.0376339478243422,0.505,0.45736605217565784
0.037,0.5040189756359323,0.4589810243640676
0.03698800614569784,0.504,0.45901199385430214
0.0363598129076829,0.503,0.46064018709231713
0.036,0.5024231953645591,0.4615768046354408
0.035741782292702716,0.502,0.46225821770729725
0.03513572187087206,0.501,0.4638642781291279
0.035,0.5007746039708407,0.46422539602915924
0.034543773494140693,0.5,0.46545622650585927
0.034,0.4990701431129008,0.46692985688709915
0.03395988012507987,0.499,0.4670401198749201
0.03339145083555822,0.498,0.46860854916444183
0.033,0.4973064393013176,0.46969356069868234
0.03283084181330652,0.497,0.47016915818669347
0.032282427798169554,0.496,0.4717175722018304
0.032,0.49548147120818964,0.47251852879181033
0.031743531109465165,0.495,0.47325646889053485
0.031214447330145834,0.494,0.4747855526698541
0.031,0.493591958429746,0.47540804157025396
0.030695770280497844,0.493,0.47630422971950215
0.030185369880283135,0.492,0.4778146301197169
0.03,0.49163439428224875,0.4783656057177512
0.029685490386303838,0.491,0.47931450961369615
0.029193162247118952,0.49,0.480806837752881
0.029,0.48960502473781453,0.48139497526218544
0.028710720572290998,0.489,0.48228927942770905
0.028235887104514863,0.488,0.48376411289548515
0.028,0.48749982478215437,0.4845001752178456
0.027769577921991043,0.487,0.4852304220780089
0.027311693069003204,0.486,0.48668830693099685
0.027,0.48531447178338283,0.48768552821661715
0.02686025773234236,0.485,0.48813974226765766
0.026418805174525772,0.484,0.48958119482547424
0.026,0.48304431537758624,0.49095568462241373
0.025981024070217233,0.483,0.49101897592978283
0.025555515616034405,0.482,0.4924444843839656
0.025133136136802202,0.481,0.4938668638631978
0.025,0.48068268740921666,0.4943173125907833
0.024720174613914063,0.48,0.49527982538608595
0.024313162534307466,0.479,0.49668683746569253
0.024,0.47822504849642217,0.4977749515035778
0.023911181234990878,0.478,0.4980888187650091
0.02351910500315004,0.477,0.49948089499685
0.02312992070701116,0.476,0.5008700792929889
0.023,0.4756639093338465,0.5013360906661535
0.022749426056722394,0.475,0.5022505739432777
0.022374664337812704,0.474,0.5036253356621874
0.0220026785966113,0.473,0.5049973214033887
0.022,0.472992752336785,0.505007247663215
0.021641897101048715,0.472,0.5063581028989513
0.02128385213453967,0.471,0.5077161478654604
0.021,0.47020142388739444,0.5087985761126055
0.020930150461803805,0.47,0.5090698495381962
0.02058569119103701,0.469,0.510414308808963
0.020243800306403503,0.468,0.5117561996935964
0.02,0.46728171326510404,0.512718286734896
0.01990675463493325,0.467,0.5130932453650667
0.019578021748562192,0.466,0.5144219782514379
0.01925175540144271,0.465,0.5157482445985573
0.019,0.4642226697627849,0.5167773302372151
0.018929709352265654,0.464,0.5170702906477342
0.01861620058437831,0.463,0.5183837994156217
0.018305060673139906,0.462,0.5196949393268602
0.018,0.46101204998628975,0.5209879500137102
0.01799637549059036,0.461,0.5210036245094096
0.017697618997597198,0.46,0.5223023810024028
0.01740113746258899,0.459,0.5235988625374111
0.01710692427252255,0.458,0.5248930757274775
0.017,0.45763395199265605,0.5253660480073439
0.016819727509644576,0.457,0.5261802724903555
0.016537465227421482,0.456,0.5274625347725785
0.016257381391434792,0.455,0.5287426186085651
0.016,0.45407392697927323,0.5299260730207267
0.015980013332306163,0.454,0.5300199866676938
0.01571155933013146,0.453,0.5312884406698686
0.01544519690602624,0.452,0.5325548030939737
0.015180920622478342,0.451,0.5338190793775217
0.015,0.4503101423304686,0.5346898576695314
0.014920945354497261,0.45,0.5350790546455026
0.014667923787816613,0.449,0.5363320762121835
0.01441690468390376,0.448,0.5375830953160963
0.014167883156313944,0.447,0.538832116843686
0.014,0.44632055082487365,0.5396794491751263
0.01392309431413607,0.446,0.5400769056858639
0.013684981551868636,0.445,0.5413150184481315
0.013448785470167904,0.444,0.5425512145298321
0.013214501692844462,0.443,0.5437854983071555
0.013,0.4420769692398664,0.5449230307601336
0.012982652133784465,0.442,0.5450173478662155
0.01275896020410603,0.441,0.5462410397958939
0.0125371020598785,0.44,0.5474628979401215
0.012317073798101416,0.439,0.5486829262018986
0.0120988715573326,0.438,0.5499011284426674
0.012,0.4375432332369549,0.5504567667630451
0.011886105158000735,0.437,0.5511138948419994
0.01167813471167064,0.436,0.5523218652883293
0.01147191413034971,0.435,0.5535280858696503
0.011267439988445198,0.434,0.5547325600115549
0.011064708898050456,0.433,0.5559352911019495
0.011,0.4326781926001973,0.5563218073998026
0.01086811965164907,0.432,0.5571318803483509
0.010675293776180643,0.431,0.5583247062238195
0.01048413667110218,0.43,0.5595158633288979
0.010294645350738896,0.429,0.5607053546492611
0.01010681686361947,0.428,0.5618931831363805
0.01,0.4274263867923586,0.5625736132076413
0.00992335855646926,0.427,0.5630766414435306
0.009745143395555765,0.426,0.5642548566044443
0.009568518145683748,0.425,0.5654314818543162
0.009393480227316089,0.424,0.566606519772684
0.009220027091975171,0.423,0.5677799729080248
0.00904815622209136,0.422,0.5689518437779086
0.009,0.421717331344603,0.569282668655397
0.008882308838782476,0.421,0.5701176911612176
0.008719727240568185,0.42,0.5712802727594319
0.008558656088956295,0.419,0.5724413439110436
0.00839909320829221,0.418,0.5736009067917078
0.008241036451007176,0.417,0.5747589635489929
0.008084483697497874,0.416,0.575915516302502
0.008,0.415455260694693,0.5765447393053069
0.007932195175560612,0.415,0.5770678048244393
0.007784649987101906,0.414,0.5782153500128981
0.00763853738014965,0.413,0.5793614626198504
0.007493855550156567,0.412,0.5805061444498434
0.007350602717990631,0.411,0.5816493972820094
0.007208777129842294,0.41,0.5827912228701577
0.007068377057133478,0.409,0.5839316229428666
0.007,0.40850812609319404,0.5844918739068059
0.00693241012698012,0.408,0.58506758987302
0.006800714696142903,0.407,0.5861992853038571
0.006670373167873505,0.406,0.5873296268321264
0.00654138410237407,0.405,0.5884586158976259
0.006413746082776248,0.404,0.5895862539172237
0.006287457715073805,0.403,0.5907125422849262
0.0061625176280570544,0.402,0.5918374823719429
0.006038924473248995,0.401,0.592961075526751
0.006,0.40068170014918825,0.5933182998508117
0.005920607066827417,0.4,0.5940793929331726
0.005805401852687061,0.399,0.5951945981473129
0.005691470861292717,0.398,0.5963085291387072
0.005578813007507687,0.397,0.5974211869924922
0.005467427226842019,0.396,0.598532572773158
0.005357312475409065,0.395,0.5996426875245909
0.005248467729883627,0.394,0.6007515322701164
0.005140891987461552,0.393,0.6018591080125384
0.0050345842658207065,0.392,0.6029654157341793
0.005,0.3916708552725419,0.603329144727458
0.004933303919869422,0.391,0.6040666960801305
0.0048350637445158965,0.39,0.6051649362554841
0.004738016357774842,0.389,0.6062619836422252
0.004642161016146138,0.388,0.6073578389838539
0.004547496994699631,0.387,0.6084525030053004
0.004454023587053901,0.386,0.6095459764129461
0.004361740105356324,0.385,0.6106382598946437
0.004270645880264282,0.384,0.6117293541197357
0.004180740260927913,0.383,0.612819259739072
0.004092022614974121,0.382,0.6139079773850259
0.004004492328491866,0.381,0.6149955076715081
0.004,0.38094799243219135,0.6150520075678086
0.00392325523501841,0.38,0.6160767447649815
0.0038434063389372426,0.379,0.6171565936610628
0.0037646648466479063,0.378,0.618235335153352
0.003687030357524385,0.377,0.6193129696424756
0.003610502487619467,0.376,0.6203894975123805
0.003535080869664722,0.375,0.6214649191303353
0.003460765153072022,0.374,0.622539234846928
0.003387555003936029,0.373,0.6236124449960639
0.003315450105037946,0.372,0.624684549894962
0.003244450155850541,0.371,0.6257555498441495
0.00317455487254432,0.37,0.6268254451274556
0.003105763987994999,0.369,0.627894236012005
0.0030380772517921736,0.368,0.6289619227482078
0.003,0.36742821701385137,0.6295717829861487
0.0029736869942738457,0.367,0.6300263130057262
0.002913241697204558,0.366,0.6310867583027955
0.002853811422432752,0.365,0.6321461885775672
0.0027953961056879405,0.364,0.6332046038943121
0.002737995697670196,0.363,0.6342620043023298
0.0026816101640706825,0.362,0.6353183898359294
0.002626239485593644,0.361,0.6363737605144064
0.0025718836579792176,0.36,0.6374281163420208
0.0025185426920276747,0.359,0.6384814573079723
0.002466216613624518,0.358,0.6395337833863755
0.002414905463767038,0.357,0.640585094536233
0.0023646092985917435,0.356,0.6416353907014083
0.002315328189403219,0.355,0.6426846718105969
0.0022670622227038877,0.354,0.6437329377772961
0.002219811500225268,0.353,0.6447801884997747
0.0021735761389600986,0.352,0.6458264238610399
0.002128356271196003,0.351,0.646871643728804
0.0020841520445500222,0.35,0.64791584795545
0.0020409636220046004,0.349,0.6489590363779955
0.002,0.3480286733019996,0.6499713266980004
0.0019989182383329494,0.348,0.650001081761667
0.001962086435501745,0.347,0.6510379135644982
0.001926161560708928,0.346,0.6520738384392911
0.0018911439235072087,0.345,0.6531088560764928
0.0018570338469336154,0.344,0.6541429661530664
0.0018238316675536345,0.343,0.6551761683324464
0.0017915377355067002,0.342,0.6562084622644933
0.0017601524145527164,0.341,0.6572398475854473
0.0017296760821196272,0.34,0.6582703239178804
0.0017001091293524606,0.339,0.6592998908706476
0.0016714519611630795,0.338,0.660328548038837
0.0016437049962815969,0.337,0.6613562950037184
0.0016168686673085546,0.336,0.6623831313326913
0.001590943420768667,0.335,0.6634090565792312
0.0015659297171654657,0.334,0.6644340702828344
0.0015418280310374407,0.333,0.6654581719689625
0.0015186388510152592,0.332,0.6664813611489848
0.0014963626798802881,0.331,0.6675036373201197
0.0014750000346244055,0.33,0.6685249999653755
0.0014545514465110403,0.329,0.6695454485534889
0.0014350174611376092,0.328,0.6705649825388624
0.0014163986384991476,0.327,0.6715836013615009
0.001398695553053358,0.326,0.6726013044469465
0.00138190879378694,0.325,0.6736180912062131
0.0013660389642833918,0.324,0.6746339610357166
0.0013510866827919185,0.323,0.6756489133172081
0.0013370525822981698,0.322,0.6766629474177017
0.001323937310595888,0.321,0.6776760626894041
0.001311741530360444,0.32,0.6786882584696396
0.0013004659192233647,0.319,0.6796995340807765
0.0012901111698487991,0.318,0.6807098888301513
0.001280677990010986,0.317,0.6817193220099891
0.0012721671026736264,0.316,0.6827278328973263
0.001264579246070464,0.315,0.6837354207539295
0.0012579151737876547,0.314,0.6847420848262122
0.0012521756548474288,0.313,0.6857478243451525
0.0012473614737936174,0.312,0.6867526385262064
0.0012434734307784907,0.311,0.6877565265692216
0.0012405123416514552,0.31,0.6887594876583485
0.0012384790380491869,0.309,0.6897615209619508
0.001237374367487645,0.308,0.6907626256325123
0.0012371991934555016,0.307,0.6917628008065444
0.0012379543955096024,0.306,0.6927620456044905
0.0012396408693717352,0.305,0.6937603591306283
0.001242259527027715,0.304,0.6947577404729723
0.0012458112968275993,0.303,0.6957541887031724
0.0012502971235883742,0.302,0.6967497028764116
0.0012557179686977877,0.301,0.6977442820313022
0.0012620748102207609,0.3,0.6987379251897792
0.0012693686430069531,0.299,0.6997306313569931
0.0012776004788008885,0.298,0.7007223995211991
0.0012867713463535291,0.297,0.7017132286536465
0.0012968822915361763,0.296,0.7027031177084639
0.0013079343774560475,0.295,0.703692065622544
0.00131992868457421,0.294,0.7046800713154258
0.0013328663108252495,0.293,0.7056671336891747
0.0013467483717393102,0.292,0.7066532516282606
0.001361576000566037,0.291,0.707638423999434
0.0013773503484008226,0.29,0.7086226496515993
0.0013940725843131288,0.289,0.709605927415687
0.0014117438954771586,0.288,0.7105882561045229
0.001430365487304579,0.287,0.7115696345126954
0.0014499385835798125,0.286,0.7125500614164202
0.0014704644265973888,0.285,0.7135295355734026
0.0014919442773018545,0.284,0.7145080557226982
0.0015143794154299508,0.283,0.7154856205845701
0.0015377711396553297,0.282,0.7164622288603446
0.0015621207677357224,0.281,0.7174378792322642
0.0015874296366625647,0.28,0.7184125703633374
0.0016136991028133018,0.279,0.7193863008971867
0.0016409305421062356,0.278,0.7203590694578937
0.0016691253501579881,0.277,0.721330874649842
0.0016982849424437407,0.276,0.7223017150575562
0.001728410754460124,0.275,0.7232715892455398
0.001759504241891007,0.274,0.724240495758109
0.0017915668807759713,0.273,0.725208433119224
0.001824600167681834,0.272,0.7261753998323182
0.0018586056198769282,0.271,0.727141394380123
0.0018935847755085036,0.27,0.7281064152244915
0.0019295391937831816,0.269,0.7290704608062168
0.001966470455150247,0.268,0.7300335295448498
0.002,0.2671155693155953,0.7308844306844047
0.0020048812772054947,0.267,0.7309951187227944
0.0020482187723773423,0.266,0.7319517812276226
0.0020926475474090855,0.265,0.7329073524525909
0.002138169366848346,0.264,0.7338618306331517
0.002184786020123118,0.263,0.7348152139798769
0.002232499321763289,0.262,0.7357675006782367
0.002281311111626252,0.261,0.7367186888883738
0.002331223255126458,0.26,0.7376687767448735
0.002382237643468856,0.259,0.7386177623565311
0.002434356193886591,0.258,0.7395656438061134
0.002487580849882774,0.257,0.7405124191501172
0.0025419135814765846,0.256,0.7414580864185234
0.002597356385453644,0.255,0.7424026436145463
0.002653911285620807,0.254,0.7433460887143792
0.0027115803330655325,0.253,0.7442884196669345
0.002770365606419677,0.252,0.7452296343935804
0.0028302692121281604,0.251,0.7461697307878719
0.002891293284722261,0.25,0.7471087067152777
0.0029534399870977347,0.249,0.7480465600129023
0.003,0.2482641800157999,0.7487358199842001
0.003018046567720509,0.248,0.7489819534322795
0.0030875877765227074,0.247,0.7499124122234773
0.003158345174426909,0.246,0.7508416548255731
0.0032303211465811513,0.245,0.7517696788534188
0.003303518110409251,0.244,0.7526964818895907
0.0033779385159404657,0.243,0.7536220614840595
0.003453584846145188,0.242,0.7545464151538548
0.0035304596172768526,0.241,0.7554695403827232
0.003608565379219918,0.24,0.7563914346207801
0.003687904715844276,0.239,0.7573120952841558
0.003768480245366138,0.238,0.7582315197546339
0.003850294620715515,0.237,0.7591497053792845
0.003933350529910515,0.236,0.7600666494700895
0.004,0.23520942989066604,0.7607905701093339
0.004018762184633127,0.235,0.7609812378153669
0.004109694228884703,0.234,0.7618903057711153
0.0042019511612004625,0.233,0.7627980488387995
0.004295535924465026,0.232,0.7637044640755349
0.004390451500985423,0.231,0.7646095484990146
0.0044867009129309,0.23,0.7655132990870691
0.004584287222781158,0.229,0.7664157127772189
0.0046832135337829105,0.228,0.7673167864662171
0.004783482990415118,0.227,0.7682165170095849
0.004885098778863069,0.226,0.7691149012211369
0.004988064127501312,0.225,0.7700119358724987
0.005,0.2248856145174571,0.770114385482543
0.0050972512751675985,0.224,0.7709027487248324
0.0052084915116862845,0.223,0.7717915084883138
0.005321159016760606,0.222,0.7726788409832395
0.005435257309183268,0.221,0.7735647426908168
0.005550789954844945,0.22,0.7744492100451551
0.005667760567299966,0.219,0.7753322394327
0.005786172808342969,0.218,0.7762138271916571
0.005906030388596786,0.217,0.7770939696114032
0.006,0.21622541322605818,0.7777745867739418
0.006028588241441089,0.216,0.777971411758559
0.00615696387643056,0.215,0.7788430361235694
0.006286858890562688,0.214,0.7797131411094373
0.006418277315481584,0.213,0.7805817226845184
0.00655122323712765,0.212,0.7814487767628724
0.006685700796424635,0.211,0.7823142992035754
0.006821714189980446,0.21,0.7831782858100196
0.006959267670801952,0.209,0.7840407323291981
0.007,0.20870723922498458,0.7842927607750154
0.007102370229751703,0.208,0.7848976297702484
0.007248739314396943,0.207,0.7857512606856031
0.007396720556204127,0.206,0.7866032794437959
0.007546318566619347,0.205,0.7874536814333807
0.0076975380196879235,0.204,0.7883024619803121
0.007850383652889563,0.203,0.7891496163471103
0.008,0.20203147364667243,0.7899685263533276
0.008005039476937656,0.202,0.7899949605230623
0.008166905893893536,0.201,0.7908330941061064
0.008330469166524924,0.2,0.7916695308334751
0.008495734423388404,0.199,0.7925042655766117
0.008662706863357328,0.198,0.7933372931366427
0.0088313917565973,0.197,0.7941686082434027
0.009,0.19601053442810604,0.794989465571894
0.009001855153450446,0.196,0.7949981448465495
0.009179801939846832,0.195,0.7958201980601531
0.009359531311911593,0.194,0.7966404686880884
0.009541048968778014,0.193,0.797458951031222
0.009724360688577337,0.192,0.7982756393114228
0.009909472329579377,0.191,0.7990905276704205
0.01,0.19051577475080994,0.79948422524919
0.010099412237128945,0.19,0.7999005877628711
0.010294055841180321,0.189,0.8007059441588196
0.010490569650980176,0.188,0.8015094303490198
0.010688959997417159,0.187,0.8023110400025828
0.010889233300211434,0.186,0.8031107666997885
0.011,0.18545218659051305,0.8035478134094869
0.011094074913179564,0.185,0.8039059250868203
0.011304111205757835,0.184,0.8046958887942421
0.011516101073430086,0.183,0.80548389892657
0.01173005145035512,0.182,0.806269948549645
0.011945969369200286,0.181,0.8070540306307996
0.012,0.18075210406697328,0.8072478959330267
0.012168381312647213,0.18,0.8078316186873529
0.012394315547337883,0.179,0.8086056844526621
0.01262228875422131,0.178,0.8093777112457787
0.012852308527630456,0.177,0.8101476914723695
0.013,0.17636369475148386,0.8106363052485162
0.013086585561143388,0.176,0.8109134144388566
0.01332683073910815,0.175,0.8116731692608918
0.013569194672795234,0.174,0.8124308053272047
0.013813685561333389,0.173,0.8131863144386666
0.014,0.17224462278147554,0.8137553772185244
0.014061809186232805,0.172,0.8139381908137673
0.014316752322754369,0.171,0.8146832476772455
0.014573895705360796,0.17,0.8154261042946391
0.01483324818576368,0.169,0.8161667518142363
0.015,0.16836259421772917,0.8166374057822708
0.015097066675284451,0.168,0.8169029333247155
0.015367114637387408,0.167,0.8176328853626126
0.015639446417769366,0.166,0.8183605535822306
0.015914071573673066,0.165,0.8190859284263269
0.016,0.16468979960957286,0.8193102003904271
0.016195338509333884,0.164,0.8198046614906661
0.016480917947484942,0.163,0.820519082052515
0.016768867231839873,0.162,0.8212311327681601
0.017,0.16120396514876534,0.8217960348512346
0.01706048962797533,0.161,0.8219395103720246
0.017359599583312665,0.16,0.8226404004166873
0.017661157267647887,0.159,0.823338842732352
0.01796517366304329,0.158,0.8240348263369567
0.018,0.1578864133203215,0.8241135866796785
0.018277377609950636,0.157,0.8247226223900493
0.018592842159405567,0.156,0.8254071578405944
0.018910845650145287,0.155,0.8260891543498546
0.019,0.15472196427690502,0.826278035723095
0.01923610653942913,0.154,0.8267638934605709
0.01956579033157751,0.153,0.8274342096684225
0.019898095217004176,0.152,0.8281019047829958
0.02,0.15169584716463227,0.8283041528353677
0.020237624034437993,0.151,0.828762375965562
0.020581853289490113,0.15,0.8294181467105098
0.02092878794968169,0.149,0.8300712120503183
0.021,0.1487964103273658,0.8302035896726342
0.021283763103790022,0.148,0.83071623689621
0.02164287799029581,0.147,0.8313571220097041
0.022,0.1460132277568497,0.8319867722431503
0.022004873930669116,0.146,0.8319951260693309
0.02237636233666244,0.145,0.8326236376633376
0.022750717228218368,0.144,0.8332492827717816
0.023,0.14333929373547835,0.8336607062645216
0.023130268657351544,0.143,0.8338697313426484
0.02351727472274243,0.142,0.8344827252772575
0.0239072385893895,0.141,0.8350927614106105
0.024,0.14076401564563396,0.835235984354366
0.024305470784122634,0.14,0.8356945292158774
0.02470837545796507,0.139,0.8362916245420349
0.025,0.1382817361097507,0.8367182638902493
0.025116301911249226,0.138,0.8368836980887507
0.025532369348978075,0.137,0.8374676306510219
0.025951569034925362,0.136,0.8380484309650746
0.026,0.13588538024779523,0.8381146197522047
0.026380213938204375,0.135,0.8386197860617957
0.026812888559851894,0.134,0.8391871114401481
0.027,0.13357087774513418,0.8394291222548658
0.027252896147254752,0.133,0.8397471038527452
0.027699286534298498,0.132,0.8403007134657015
0.028,0.13133142659333671,0.8406685734066632
0.02815140020667115,0.131,0.8408485997933288
0.02861175588144219,0.13,0.8413882441185578
0.029,0.12916290316808257,0.8418370968319174
0.029076711219710553,0.129,0.8419232887802894
0.029551290484116505,0.128,0.8424487095158835
0.03,0.12706144736715846,0.8429385526328415
0.030029818332554192,0.127,0.8429701816674458
0.03051888840102469,0.126,0.8434811115989753
0.031,0.1250234389258248,0.8439765610741752
0.031011717594567317,0.125,0.8439882824054327
0.031515554770001494,0.124,0.8444844452299985
0.032,0.12304547639470693,0.844954523605293
0.03202341457557186,0.123,0.8449765854244281
0.032542304466241206,0.122,0.8454576955337588
0.033,0.1211243583975937,0.8458756416024062
0.03306592679444823,0.121,0.8459340732055518
0.03360016457060573,0.12,0.8463998354293942
0.034,0.1192570668514362,0.8467429331485637
0.034140286003722,0.119,0.846859713996278
0.034690176693357694,0.118,0.8473098233066423
0.035,0.1174407518829015,0.8475592481170985
0.035247540367395906,0.117,0.8477524596326041
0.03581339919118196,0.116,0.848186600808818
0.036,0.11567271821786625,0.8483272817821337
0.036388756563605656,0.115,0.8486112434363944
0.03697090930962512,0.114,0.8490290906903749
0.037,0.11395041285441782,0.8490495871455821
0.03756502183933677,0.113,0.8494349781606633
0.038,0.11227367909887363,0.8497263209011263
0.03816606240143823,0.112,0.8498339375985617
0.038777446041138336,0.111,0.8502225539588617
0.039,0.11063870745046256,0.8503612925495374
0.039398558846376254,0.11,0.8506014411536238
0.04,0.10904323724281703,0.8509567627571829
0.040027529062158215,0.109,0.8509724709378418
0.04066914143603575,0.108,0.8513308585639643
0.041,0.10748813965275489,0.8515118603472451
0.04131952881187106,0.107,0.851680471188129
0.041978987260720364,0.106,0.8520210127392797
0.042,0.10596838083410919,0.8520316191658908
0.04265160918841409,0.105,0.852348390811586
0.043,0.10448607166765038,0.8525139283323496
0.04333359015118904,0.104,0.8526664098488109
0.044,0.10303617437021793,0.852963825629782
0.04402531835822409,0.103,0.8529746816417759
0.04473062284031982,0.102,0.8532693771596802
0.045,0.10162091853952297,0.853379081460477
0.045446577292330224,0.101,0.8535534227076698
0.046,0.10023626004003074,0.8537637399599692
0.046173254086992854,0.1,0.8538267459130072
0.04691215133564973,0.099,0.8540878486643503
0.047,0.09888201618522198,0.854117983814778
0.04766453523793883,0.098,0.8543354647620612
0.048,0.09755808986658149,0.8544419101334184
0.04842864556125469,0.097,0.8545713544387453
0.049,0.09626170311691135,0.8547382968830886
0.049204889317405846,0.096,0.8547951106825942
0.0499937535964414,0.095,0.8550062464035586
0.05,0.09499214301149946,0.8550078569885005
0.05079787943887934,0.094,0.8552021205611207
0.051,0.0937505742080743,0.8552494257919256
0.05161519144297788,0.093,0.8553848085570221
0.052,0.09253407956118719,0.8554659204388128
0.05244611481336167,0.092,0.8555538851866383
0.053,0.0913419600687794,0.8556580399312206
0.053291080105785225,0.091,0.8557089198942148
0.054,0.09017353899379903,0.855826461006201
0.05415052373926224,0.09,0.8558494762607378
0.055,0.08902816072035714,0.8559718392796428
0.05502488849930788,0.089,0.8559751115006922
0.055915615803231566,0.088,0.8560843841967685
0.056,0.08790599780428286,0.8560940021957171
0.05682226438903758,0.087,0.8561777356109624
0.057,0.08680568422002037,0.8561943157799796
0.057745006914660994,0.086,0.856254993085339
0.058,0.08572638608775035,0.8562736139122495
0.05868431488040238,0.085,0.8563156851195977
0.059,0.08466752597744813,0.856332474022552
0.05964066830762616,0.084,0.8563593316923739
0.06,0.08362854264511979,0.8563714573548802
0.060614556242681285,0.083,0.8563854437573187
0.061,0.08260889024989503,0.856391109750105
0.06160647726522928,0.082,0.8563935227347708
0.062,0.0816080376136991,0.8563919623863009
0.06261694000278999,0.081,0.8563830599972101
0.063,0.08062546751999321,0.8563745324800068
0.06364646365326126,0.08,0.8563535363467388
0.064,0.0796606760483574,0.8563393239516426
0.06469557851713642,0.079,0.8563044214828637
0.065,0.07871317194197021,0.8562868280580298
0.06576482654112253,0.078,0.8562351734588775
0.066,0.07778247600525799,0.8562175239947419
0.06685476187486106,0.077,0.856145238125139
0.067,0.07686812052921073,0.8561318794707893
0.06796595144245925,0.076,0.8560340485575408
0.068,0.07596964874202863,0.8560303512579713
0.069,0.07508739125472244,0.8559126087452776
0.06910007352785714,0.075,0.8558999264721429
0.07,0.07422054959589854,0.8557794504041014
0.0702572420838897,0.074,0.8557427579161103
0.071,0.0733684239186613,0.8556315760813388
0.07143769224990337,0.073,0.8555623077500967
0.072,0.07253059467414644,0.8554694053258536
0.07264205368851974,0.072,0.8553579463114803
0.073,0.07170665098117905,0.855293349018821
0.07387097229171859,0.071,0.8551290277082815
0.074,0.07089619018915694,0.8551038098108431
0.075,0.07009972441271817,0.8549002755872819
0.07512647747123509,0.07,0.8548735225287649
0.076,0.06931704263777258,0.8546829573622274
0.07640956563840795,0.069,0.854590434361592
0.077,0.06854681536312202,0.854453184636878
0.07771953009312087,0.068,0.8542804699068791
0.078,0.06778866816763958,0.8542113318323604
0.079,0.06704262682497236,0.8539573731750276
0.07905771572299794,0.067,0.8539422842770021
0.08,0.06631002726693082,0.8536899727330692
0.08042759131562266,0.066,0.8535724086843772
0.081,0.06558855256986641,0.8534114474301336
0.0818268848775783,0.065,0.8531731151224218
0.082,0.06487785167458547,0.8531221483254146
0.083,0.064179263363429,0.852820736636571
0.08325916246774949,0.064,0.8527408375322505
0.084,0.06349204349556518,0.8525079565044349
0.08472467321727115,0.063,0.8522753267827288
0.085,0.06281470345840046,0.8521852965415996
0.086,0.06214832271828306,0.851851677281717
0.08622479843605603,0.062,0.8517752015639439
0.087,0.06149305992605553,0.8515069400739446
0.08776134117322287,0.061,0.8512386588267771
0.088,0.060846821764568564,0.8511531782354315
0.089,0.060211326004776786,0.8507886739952233
0.08933582984730909,0.06,0.8506641701526909
0.09,0.059585828469225985,0.850414171530774
0.09094858272259913,0.059,0.850051417277401
0.091,0.05896853403128658,0.8500314659687135
0.092,0.05836267960596636,0.8496373203940337
0.09260446062516439,0.058,0.8493955393748356
0.093,0.05776484862050265,0.8492351513794973
0.094,0.05717616444612421,0.8488238355538759
0.094302230841471,0.057,0.8486977691585289
0.095,0.05659704299404914,0.8484029570059509
0.096,0.05602511049873875,0.8479748895012613
0.09604434985860835,0.056,0.8479556501413916
0.097,0.05546396512309277,0.8475360348769072
0.09783517916642592,0.055,0.847164820833574
0.098,0.054909298677081185,0.8470907013229189
0.099,0.05436449724755269,0.8466355027524474
0.09967559840136744,0.054,0.8463244015986325
0.1,0.05382664138858076,0.8461733586114193
0.101,0.05329755359283789,0.8457024464071621
0.10156795505185097,0.053,0.8454320449481489
0.102,0.05277582018069504,0.845224179819305
0.103,0.05226207822450142,0.8447379217754986
0.10351522124021649,0.052,0.8444847787597834
0.104,0.051755794639465745,0.8442442053605342
0.105,0.0512570430242601,0.8437429569757399
0.10552053227095107,0.051,0.8434794677290489
0.106,0.050765550940646414,0.8432344490593536
0.107,0.050281445772230864,0.8427185542277692
0.10758719983185837,0.05,0.8424128001681416
0.108,0.049804099973440916,0.8421959000265591
0.109,0.04933430832139165,0.8416656916786084
0.10971872628543589,0.049,0.8412812737145641
0.11,0.04887047554798873,0.8411295244520113
0.111,0.04841467485120308,0.8405853251487969
0.1119188201743992,0.048,0.8400811798256007
0.112,0.047963732673765726,0.8400362673262343
0.113,0.04752161018805342,0.8394783898119466
0.114,0.047083850666897444,0.8389161493331025
0.1141935501957326,0.047,0.8388064498042673
0.115,0.046654198180717914,0.8383458018192821
0.116,0.04622971281380443,0.8377702871861956
0.11654674978724586,0.046,0.8374532502127541
0.117,0.04581154011937031,0.8371884598806297
0.118,0.04540003752347726,0.8365999624765228
0.11898202212988081,0.045,0.8360179778701191
0.119,0.04499275318684196,0.8360072468131581
0.12,0.04459395016892657,0.8354060498310735
0.121,0.04419919151464184,0.8348008084853582
0.12150992147512099,0.044,0.834490078524879
0.122,0.043810590082781285,0.8341894099172187
0.123,0.043428165347336685,0.8335718346526633
0.124,0.04304967013973168,0.8329503298602683
0.1241326633574328,0.043,0.8328673366425672
0.125,0.042678752888543274,0.8323212471114567
0.126,0.04231223975040463,0.8316877602495953
0.12686095901406516,0.042,0.8311390409859348
0.127,0.041950123809522066,0.8310498761904779
0.128,0.04159533671555039,0.8304046632844496
0.129,0.041244286609799286,0.8297557133902007
0.12970343284437877,0.041,0.8292965671556212
0.13,0.04089814627855223,0.8291018537214477
0.131,0.04055849185355698,0.828441508146443
0.132,0.04022247300718994,0.82777752699281
0.1326694072771592,0.04,0.8273305927228407
0.133,0.039891360924199856,0.8271086390758001
0.134,0.03956641868272492,0.8264335813172751
0.135,0.03924501490076703,0.825754985099233
0.1357708635323092,0.039,0.8252291364676908
0.136,0.038927998614135415,0.8250720013858646
0.137,0.03861736285627262,0.8243826371437274
0.138,0.03831017240933713,0.8236898275906629
0.139,0.03800640939707629,0.8229935906029237
0.13902135083118125,0.038,0.8229786491688187
0.14,0.03770961070082215,0.8222903892991779
0.141,0.03741624530274176,0.8215837546972582
0.142,0.03712621893540005,0.8208737810646
0.14244037365788775,0.037,0.8205596263421122
0.143,0.03684148478415271,0.8201585152158473
0.144,0.036561568649683775,0.8194384313503162
0.145,0.036284906476381426,0.8187150935236186
0.146,0.036011482719954996,0.817988517280045
0.14604251869982157,0.036,0.8179574813001784
0.147,0.03574450857519833,0.8172554914248017
0.148,0.035480849532646797,0.8165191504673532
0.149,0.03522034783798316,0.8157796521620169
0.14985625449497553,0.035,0.8151437455050244
0.15,0.03496345807996477,0.8150365419200352
0.151,0.0347124517030324,0.8142875482969676
0.152,0.034464524412999104,0.8135354755870009
0.153,0.03421966265297534,0.8127803373470246
0.15390845541334341,0.034,0.8120915445866566
0.154,0.03397813855907821,0.8120218614409218
0.155,0.03374244767673174,0.8112575523232682
0.156,0.03350974744649439,0.8104902525535056
0.157,0.03328002530084515,0.8097199746991548
0.158,0.033053268879751053,0.808946731120249
0.15823811162042348,0.033,0.8087618883795765
0.159,0.032831704659037855,0.8081682953409621
0.16,0.032613745603617225,0.8073862543963828
0.161,0.032398681177547205,0.8066013188224528
0.162,0.032186499913021846,0.8058135000869782
0.16289107536964156,0.032,0.8051089246303584
0.163,0.03197749549579978,0.8050225045042002
0.164,0.031773808860069905,0.8042261911399301
0.165,0.03157293704180644,0.8034270629581935
0.166,0.03137486939467738,0.8026251306053226
0.167,0.031179595445130902,0.801820404554869
0.16793304129729478,0.031,0.8010669587027052
0.168,0.030987280709131492,0.8010127192908685
0.169,0.03080015166210696,0.800199848337893
0.17,0.030615751059320833,0.7993842489406792
0.171,0.030434069171507414,0.7985659308284926
0.172,0.03025509642636196,0.7977449035736381
0.174,0.029906560091310513,0.7960934399086895
0.176,0.02957215810199312,0.794427841898007
0.178,0.02924827227960978,0.7927517277203903
0.18,0.02893576136769324,0.7910642386323068
0.182,0.02863702225760098,0.789362977742399
0.184,0.028348463158248193,0.7876515368417518
0.186,0.028070022548224917,0.7859299774517752
0.188,0.02780453017324489,0.7841954698267551
0.19,0.027549920650178906,0.7824500793498211
0.192,0.027305119763867396,0.7806948802361326
0.194,0.027070073920061295,0.7789299260799387
0.196,0.026847048894295664,0.7771529511057044
0.198,0.026634584802819633,0.7753654151971804
0.2,0.02643158859942185,0.7735684114005782
0.202,0.02623801364697424,0.7717619863530258
0.204,0.02605381484802911,0.7699461851519709
0.20460753273152432,0.026,0.7693924672684757
0.205,0.02596575065675074,0.7690342493432493
0.206,0.025880804014688924,0.7681191959853111
0.207,0.025798145779690876,0.7672018542203092
0.208,0.025717770845951237,0.7662822291540488
0.209,0.025639674194554412,0.7653603258054457
0.21,0.02556385089245338,0.7644361491075466
0.211,0.025490296091470476,0.7635097039085296
0.212,0.025419005027318937,0.7625809949726811
0.213,0.025349973018645396,0.7616500269813546
0.214,0.025283195466092655,0.7607168045339073
0.215,0.0252186678513819,0.7597813321486181
0.216,0.025156385736414332,0.7588436142635857
0.217,0.02509634476239218,0.7579036552376078
0.218,0.025038540648957157,0.7569614593510429
0.21869364221467222,0.025,0.7563063577853277
0.219,0.024983237958629643,0.7560167620413704
0.22,0.02493073745443524,0.7550692625455648
0.221,0.02488042721344093,0.7541195727865591
0.222,0.024832303269053294,0.7531676967309467
0.223,0.024786361727773504,0.7522136382722265
0.224,0.024742598768446603,0.7512574012315534
0.225,0.024701010641526765,0.7502989893584733
0.226,0.024661593668357892,0.7493384063316422
0.227,0.024624344240468776,0.7483756557595312
0.228,0.024589258818883408,0.7474107411811166
0.229,0.024556333933445328,0.7464436660665547
0.23,0.024525566182156074,0.745474433817844
0.231,0.024496952230527478,0.7445030477694725
0.232,0.02447048881094745,0.7435295111890525
0.233,0.024446172722058988,0.7425538272779411
0.234,0.024424000828151993,0.741575999171848
0.235,0.024403970058568033,0.740596029941432
0.236,0.024386077407117464,0.7396139225928825
0.237,0.02437031993150858,0.7386296800684914
0.238,0.02435669475278907,0.7376433052472109
0.239,0.024345199054798976,0.7366548009452011
0.24,0.02433583008363526,0.7356641699163647
0.241,0.024328585147127567,0.7346714148528725
0.242,0.02432346161432536,0.7336765383856747
0.243,0.024320456914995535,0.7326795430850045
0.244,0.024319568539130972,0.731680431460869
0.245,0.024320794036469664,0.7306792059635303
0.246,0.024324131016023716,0.7296758689839763
0.247,0.02432957714561895,0.7286704228543811
0.248,0.024337130151444144,0.7276628698485559
0.249,0.024346787817610054,0.72665321218239
0.25,0.024358547985717963,0.725641452014282
0.251,0.024372408554437956,0.724627591445562
0.252,0.024388367479095906,0.7236116325209041
0.253,0.02440642277126992,0.7225935772287301
0.254,0.02442657249839579,0.7215734275016042
