'p1','p2','p3'
0.46962535960977775,0.0,0.5303746403902223
0.47,5.661993767005971e-5,0.52994338006233
0.471,0.00020843368673339346,0.5287915663132666
0.472,0.00036095807603231015,0.5276390419239677
0.473,0.0005141938437137138,0.5264858061562863
0.474,0.0006681417375169692,0.5253318582624831
0.475,0.0008228025148099277,0.5241771974851901
0.476,0.0009781769426256276,0.5230218230573744
0.4761398474215369,0.001,0.5228601525784631
0.477,0.0011711053474508337,0.5218288946525492
0.478,0.0013709634868173436,0.5206290365131827
0.479,0.0015717672540256995,0.5194282327459743
0.48,0.0017735180369100223,0.51822648196309
0.481,0.001976217238288133,0.5170237827617119
0.4811168225848739,0.002,0.5168831774151261
0.482,0.0022007436858191174,0.5157992563141809
0.483,0.002429111806403695,0.5145708881935963
0.484,0.002658564142004394,0.5133414358579956
0.485,0.0028891025607320165,0.512110897439268
0.48547888510773135,0.003,0.5115211148922686
0.486,0.003130611235105082,0.510869388764895
0.487,0.003382390441928473,0.5096176095580716
0.488,0.0036353693023365085,0.5083646306976635
0.489,0.0038895501314383843,0.5071104498685616
0.4894325996896574,0.004,0.5065674003103426
0.49,0.00415436822661652,0.5058456317733835
0.491,0.004427673671506867,0.5045723263284931
0.492,0.004702284432735261,0.5032977155672648
0.493,0.004978203277696521,0.5020217967223035
0.49307866028001884,0.005,0.5019213397199812
0.494,0.005269466570225794,0.5007305334297742
0.495,0.005563329691098897,0.4994366703089011
0.496,0.005858598996288691,0.4981414010037113
0.49647674874178693,0.006,0.49752325125821306
0.497,0.006162740687623606,0.4968372593123764
0.498,0.0064751719732454895,0.4955248280267545
0.499,0.0067891045287855,0.4942108954712145
0.4996687081932045,0.007,0.49333129180679547
0.5,0.007109045911301605,0.4928909540886984
0.501,0.007439658205980501,0.4915603417940195
0.502,0.007771865497949669,0.49022813450205033
0.5026835644829759,0.008,0.4893164355170241
0.503,0.008109825010825493,0.48889017498917453
0.504,0.008458428452686463,0.48754157154731353
0.505,0.008808720407797269,0.4861912795922027
0.5055435886381258,0.009,0.48545641136187423
0.506,0.009166544180309684,0.4848334558196903
0.507,0.009533090048435245,0.48346690995156477
0.508,0.009901418596451519,0.4820985814035485
0.5082664825278599,0.01,0.4817335174721401
0.509,0.010280749894724515,0.4807192501052755
0.51,0.010665296697014487,0.4793347033029855
0.5108662337461515,0.011,0.4781337662538485
0.511,0.011053373724159076,0.4779466262758409
0.512,0.011454096366217373,0.47654590363378263
0.513,0.011856788335576027,0.47514321166442397
0.5133540649229855,0.012,0.47464593507701447
0.514,0.012269376189059608,0.4737306238109404
0.515,0.012688360596615983,0.472311639403384
0.5157402873584829,0.013,0.4712597126415171
0.516,0.01311257264845752,0.4708874273515425
0.517,0.013547930794837895,0.4694520692051621
0.518,0.013985452185122474,0.4680145478148775
0.5180331113650867,0.014,0.4679668886349133
0.519,0.014436911003303365,0.46656308899669663
0.52,0.014891032019859652,0.46510896798014034
0.5202389082650378,0.015,0.46476109173496216
0.521,0.015356669448982334,0.46364333055101764
0.522,0.01582756391874344,0.4621724360812565
0.5223645503217451,0.016,0.46163544967825487
0.523,0.01630855655040208,0.4606914434495979
0.524,0.016796436789184695,0.4592035632108153
0.5244153485848868,0.017,0.4585846514151132
0.525,0.01729392431813012,0.45770607568186983
0.526,0.017799038205072306,0.4562009617949277
0.5263960501474316,0.018,0.45560394985256836
0.527,0.018314141414428494,0.4546858585855715
0.528,0.01883677034193959,0.4531632296580604
0.5283109262697439,0.019,0.45268907373025613
0.529,0.01937060533629316,0.45162939466370683
0.53,0.0199110628359095,0.4500889371640905
0.5301638425667315,0.02,0.44983615743326844
0.531,0.02046475268557687,0.4485352473144231
0.5319581806105237,0.021,0.4470418193894763
0.532,0.021023908320903093,0.44697609167909685
0.533,0.021598068179962102,0.44540193182003784
0.5336965857139605,0.022,0.4443034142860395
0.534,0.0221791016761541,0.44382089832384586
0.535,0.022772092861878916,0.44222790713812105
0.535382554008877,0.023,0.44161744599112296
0.536,0.023376176548795657,0.4406238234512043
0.537,0.023988431835166194,0.4390115681648338
0.5370188137049899,0.024,0.43898118629501004
0.538,0.02461677827314292,0.43738322172685706
0.538606643097142,0.025,0.43639335690285797
0.539,0.02525395365569959,0.43574604634430036
0.54,0.025902630422318825,0.43409736957768114
0.5401494368964636,0.026,0.4338505631035364
0.541,0.026566256941446886,0.4324337430585531
0.5416483356261579,0.027,0.4313516643738421
0.542,0.027240321967011868,0.4307596780329881
0.543,0.0279269648322526,0.42907303516774736
0.5431058928472046,0.028,0.4288941071527954
0.544,0.02862980156086516,0.4273701984391348
0.5445230073169965,0.029,0.42647699268300343
0.545,0.029344747526250287,0.4256552524737497
0.5459022165890443,0.03,0.4240977834109557
0.546,0.030072501928824807,0.42392749807117514
0.547,0.030817320164358626,0.42218267983564134
0.5472441153182136,0.031,0.4217558846817864
0.548,0.031577411312381364,0.4204225886876186
0.5485505437907702,0.032,0.4194494562092298
0.549,0.032352119185344475,0.4186478808146555
0.5498230012484259,0.033,0.4171769987515741
0.55,0.033142197311786484,0.4168578026882135
0.551,0.03394937910046141,0.41505062089953854
0.5510624283088849,0.034,0.4149375716911151
0.552,0.034775805259409105,0.41322419474059086
0.5522696473885548,0.035,0.4127303526114452
0.553,0.03561962248789332,0.41138037751210665
0.5534462137173085,0.036,0.4105537862826915
0.554,0.03648167242486099,0.40951832757513895
0.554593090474374,0.037,0.408406909525626
0.555,0.03736282543157074,0.4076371745684292
0.5557111943086283,0.038,0.40628880569137177
0.556,0.03826398393057911,0.40573601606942084
0.5568013987392759,0.039,0.4041986012607241
0.557,0.039186085841336704,0.40381391415866325
0.5578645372234406,0.04,0.40213546277655937
0.558,0.040130108146673595,0.40186989185332633
0.5589014059312826,0.041,0.40009859406871745
0.559,0.04109707062411944,0.3999029293758805
0.5599127662634014,0.042,0.39808723373659866
0.56,0.04208803977639602,0.3979119602236039
0.5608993471403938,0.043,0.3961006528596062
0.561,0.04310413299648442,0.39589586700351553
0.5618618470903355,0.044,0.39413815290966453
0.562,0.04414652300438298,0.39385347699561696
0.5628009361564991,0.045,0.39219906384350095
0.563,0.04521644259502426,0.3917835574049758
0.5637172576446979,0.046,0.3902827423553021
0.564,0.04631518973983215,0.3896848102601679
0.5646114297271626,0.047,0.3883885702728374
0.565,0.04744413308810336,0.3875558669118967
0.5654840469177372,0.048,0.3865159530822628
0.566,0.048604717918847115,0.3853952820811529
0.5663356814313694,0.049,0.38466431856863065
0.567,0.04979847259899678,0.3832015274010033
0.5671668844393126,0.05,0.3828331155606874
0.5679781232791207,0.051,0.38102187672087934
0.568,0.05102752079448976,0.3809724792055103
0.5687694297694804,0.052,0.3792305702305196
0.569,0.052297548512183274,0.3787024514878168
0.5695417907175457,0.053,0.37745820928245427
0.57,0.05360667568113034,0.37639332431886974
0.5702956855908194,0.054,0.37570431440918056
0.571,0.05495689716355428,0.37404310283644576
0.5710315777686458,0.055,0.37396842223135424
0.5717491886030124,0.056,0.3722508113969876
0.572,0.05635705146088207,0.371642948539118
0.5724495402072174,0.057,0.3705504597927826
0.573,0.05780449892165406,0.369195501078346
0.5731331457183535,0.058,0.3688668542816465
0.5737998355389012,0.059,0.36720016446109877
0.574,0.05930680392064841,0.36669319607935164
0.5744501543240321,0.06,0.3655498456759679
0.575,0.06086574341095348,0.3641342565890466
0.5750848727643187,0.061,0.36391512723568126
0.5757035118915141,0.062,0.36229648810848586
0.576,0.06249012779620135,0.3615098722037987
0.5763070022137096,0.063,0.36069299778629044
0.5768956422125758,0.064,0.35910435778742417
0.577,0.06418127293992372,0.35881872706007634
0.5774691526948694,0.065,0.3575308473051306
0.578,0.06594839302218956,0.35605160697781046
0.5780287524231271,0.066,0.3559712475768729
0.5785735474393451,0.067,0.3544264525606549
0.579,0.06780175800559159,0.35319824199440847
0.579104956309013,0.068,0.35289504369098695
0.579622292324245,0.069,0.351377707675755
0.58,0.06974808893495137,0.35025191106504866
0.5801266006280208,0.07,0.3498733993719792
0.5806173853594032,0.071,0.3483826146405968
0.581,0.0717992976746132,0.34720070232538686
0.5810956295021341,0.072,0.3469043704978659
0.5815607251601156,0.073,0.3454392748398844
0.582,0.07396920711702987,0.34403079288297017
0.5820138917453027,0.074,0.3439861082546973
0.5824541185408773,0.075,0.34254588145912274
0.5828828153835642,0.076,0.34111718461643575
0.583,0.07628043776695825,0.3407195622330418
0.5832992873442394,0.077,0.3397007126557606
0.5837042390798874,0.078,0.33829576092011254
0.584,0.07875048984589726,0.33724951015410276
0.5840978746014359,0.079,0.33690212539856407
0.5844798107161899,0.08,0.33552018928381006
0.5848510283778547,0.081,0.33414897162214524
0.585,0.08141263954510915,0.3335873604548909
0.5852110677749576,0.082,0.3327889322250424
0.5855602722651163,0.083,0.33143972773488367
0.5858991967523196,0.084,0.3301008032476804
0.586,0.08430621748167651,0.32969378251832354
0.586227326925346,0.085,0.328772673074654
0.5865451782239395,0.086,0.32745482177606056
0.58685316039242,0.087,0.32614683960758006
0.587,0.08749190693191432,0.3255080930680857
0.5871509679345361,0.088,0.3248490320654639
0.5874387604820439,0.089,0.3235612395179561
0.5877170698721237,0.09,0.32228293012787634
0.5879860109090818,0.091,0.3210139890909183
0.588,0.09105377624600923,0.3209462237539908
0.5882450026012763,0.092,0.3197549973987237
0.5884948350647659,0.093,0.3185051649352342
0.588735655881366,0.094,0.317264344118634
0.5889675711515291,0.095,0.31603242884847094
0.589,0.0951451182755384,0.31585488172446163
0.5891901470262381,0.096,0.31480985297376196
0.589403956583948,0.097,0.3135960434160521
0.5896091914811152,0.098,0.3123908085188848
0.589805950132193,0.099,0.3111940498678071
0.5899943292371841,0.1,0.31000567076281593
0.59,0.10003143124479867,0.30996856875520135
0.5901739317358735,0.101,0.3088260682641265
0.5903453499837337,0.102,0.30765465001626635
0.5905086915688852,0.103,0.30649130843111483
0.5906640465609655,0.104,0.3053359534390345
0.5908115035475724,0.105,0.3041884964524276
0.5909511496747302,0.106,0.30304885032526985
0.591,0.10636986411063326,0.30263013588936677
0.5910828361992321,0.107,0.30191716380076794
0.5912067654728825,0.108,0.3007932345271175
0.5913231581721899,0.109,0.29967684182781007
0.5914320958361824,0.11,0.2985679041638176
0.5915336587480026,0.111,0.29746634125199745
0.5916279259674135,0.112,0.2963720740325865
0.5917149753621935,0.113,0.2952850246378065
0.5917948836384682,0.114,0.2942051163615318
0.5918677263700272,0.115,0.29313227362997285
0.5919335780266664,0.116,0.29206642197333366
0.5919925120016002,0.117,0.2910074879983998
0.592,0.11714352113064364,0.2908564788693564
0.5920444743797051,0.118,0.2899555256202949
0.5920896606111871,0.119,0.28891033938881294
0.5921281620257215,0.12,0.2878718379742785
0.5921600477919252,0.121,0.2868399522080748
0.5921853861294609,0.122,0.2858146138705391
0.5922042443315575,0.123,0.2847957556684425
0.5922166887868393,0.124,0.2837833112131607
0.5922227850004907,0.125,0.28277721499950925
0.5922225976147826,0.126,0.2817774023852174
0.5922161904289851,0.127,0.2807838095710149
0.5922036264186927,0.128,0.27979637358130727
0.5921849677545806,0.129,0.27881503224541937
0.5921602758206193,0.13,0.27783972417938074
0.5921296112317626,0.131,0.27687038876823744
0.592093033851134,0.132,0.275906966148866
0.5920506028067262,0.133,0.2749493971932738
0.5920023765076351,0.134,0.2739976234923649
0.592,0.13404395664544416,0.27395604335455587
0.5919482650075037,0.135,0.27305173499249624
0.5918884497391057,0.136,0.2721115502608943
0.5918229939757471,0.137,0.2711770060242529
0.5917519535316923,0.138,0.2702480464683077
0.5916753835746187,0.139,0.2693246164253813
0.5915933386394218,0.14,0.2684066613605782
0.5915058726416589,0.141,0.2674941273583411
0.5914130388906447,0.142,0.2665869611093553
0.591314890102211,0.143,0.26568510989778893
0.5912114784111417,0.144,0.26478852158885824
0.5911028553832959,0.145,0.2638971446167041
0.591,0.145903785025167,0.26309621497483304
0.5909890405180767,0.146,0.2630109594819233
0.5908698042433037,0.147,0.26213019575669627
0.5907454929747386,0.148,0.26125450702526143
0.5906161562211248,0.149,0.26038384377887513
0.5904818429764386,0.15,0.2595181570235614
0.5903426017303707,0.151,0.2586573982696293
0.590198480478563,0.152,0.25780151952143693
0.5900495267326074,0.153,0.2569504732673926
0.59,0.15332170690721253,0.2566782930927875
0.5898954852070342,0.154,0.2561045147929658
0.5897365468300916,0.155,0.2552634531699084
0.5895729013865929,0.156,0.25442709861340707
0.5894045946354287,0.157,0.25359540536457126
0.5892316718961657,0.158,0.2527683281038343
0.5890541780577929,0.159,0.25194582194220705
0.589,0.159297221746437,0.251702778253563
0.5888717848432586,0.16,0.25112821515674133
0.5886847373204419,0.161,0.25031526267955806
0.5884932370629667,0.162,0.24950676293703325
0.5882973273988824,0.163,0.24870267260111759
0.5880970512648072,0.164,0.24790294873519284
0.588,0.164473833005018,0.24752616699498203
0.5878921362351255,0.165,0.2471078637648745
0.5876826419507157,0.166,0.24631735804928426
0.5874688943015699,0.167,0.2455311056984301
0.5872509348036908,0.168,0.24474906519630915
0.5870288046169112,0.169,0.24397119538308878
0.587,0.16912707699428198,0.24387292300571806
0.5868019635865207,0.17,0.24319803641347928
0.5865709353063324,0.171,0.24242906469366757
0.5863358446530699,0.172,0.24166415534693014
0.5860967314921992,0.173,0.2409032685078008
0.586,0.17339741359161698,0.24060258640838306
0.5858532030368238,0.174,0.24014679696317626
0.5856054324543641,0.175,0.23939456754563587
0.5853537441917996,0.176,0.23864625580820037
0.5850981769112853,0.177,0.23790182308871471
0.585,0.17737796994200006,0.23762203005799998
0.5848382908279064,0.178,0.23716170917209362
0.5845742985868392,0.179,0.23642570141316083
0.5843065289101678,0.18,0.23569347108983224
0.5840350193410128,0.181,0.23496498065898724
0.584,0.18112700941927914,0.2348729905807209
0.5837590919124311,0.182,0.23424090808756887
0.5834793822038943,0.183,0.23352061779610572
0.5831960311645454,0.184,0.23280396883545457
0.583,0.18468267860368,0.23231732139632003
0.5829088036735045,0.185,0.2320911963264955
0.582617410232785,0.186,0.23138258976721499
0.5823224719323792,0.187,0.23067752806762082
0.5820240245523811,0.188,0.22997597544761889
0.582,0.18807941509616136,0.22992058490383868
0.5817212699275928,0.189,0.22927873007240723
0.5814149929256288,0.19,0.22858500707437118
0.5811053006453213,0.191,0.2278946993546787
0.581,0.19133586363892846,0.22766413636107158
0.5807916025490111,0.192,0.22720839745098892
0.5804742300409792,0.193,0.2265257699590208
0.5801535342066434,0.194,0.2258464657933566
0.58,0.19447335159312457,0.22552664840687547
0.5798290344785033,0.195,0.22517096552149668
0.579500804565721,0.196,0.22449919543427904
0.5791693415227711,0.197,0.22383065847722888
0.579,0.19750546095041555,0.2234945390495845
0.5788341779642864,0.198,0.2231658220357136
0.5784953239091861,0.199,0.22250467609081387
0.578153325252761,0.2,0.22184667474723901
0.578,0.2004437370789494,0.22155626292105063
0.5778076318259664,0.201,0.2211923681740336
0.5774583822939767,0.202,0.22054161770602326
0.577106075106497,0.203,0.21989392489350296
0.577,0.20329806153129418,0.21970193846870587
0.5767499821210198,0.204,0.2192500178789802
0.5763905614100813,0.205,0.21860943858991874
0.5760281684867868,0.206,0.21797183151321317
0.576,0.20607694572845378,0.21792305427154626
0.5756618027760423,0.207,0.21733819722395772
0.575292431034717,0.208,0.21670756896528307
0.575,0.2087851805739812,0.21621481942601883
0.5749199260236524,0.209,0.21608007397634763
0.5745436561854456,0.21,0.21545634381455445
0.574164549620503,0.211,0.214835450379497
0.574,0.21143030811421168,0.21456969188578837
0.573781967805263,0.212,0.21421803219473698
0.5733960937800648,0.213,0.21360390621993516
0.5730074648543549,0.214,0.21299253514564506
0.573,0.2140190323680437,0.21298096763195634
0.5726149246320623,0.215,0.2123850753679377
0.5722196565679404,0.216,0.21178034343205962
0.572,0.2165514218026186,0.21144857819738144
0.5718211614705861,0.217,0.21117883852941385
0.5714193310442566,0.218,0.21058066895574343
0.5710148756493634,0.219,0.20998512435063663
0.571,0.21903646502591675,0.2099635349740833
0.5706066049842602,0.22,0.2093933950157398
0.570195711990051,0.221,0.20880428800994896
0.57,0.22147280677761255,0.2085271932223875
0.5697815934624014,0.222,0.20821840653759857
0.5693643374429513,0.223,0.20763566255704866
0.569,0.22386771569541133,0.20713228430458872
0.568944409976361,0.224,0.20705559002363902
0.5685208646896008,0.225,0.20647913531039916
0.5680948690132412,0.226,0.20590513098675875
0.568,0.22622104419007788,0.20577895580992217
0.5676654049087642,0.227,0.20533459509123583
0.5672332402442414,0.228,0.20476675975575861
0.567,0.22853617907798185,0.2044638209220182
0.5667980678221872,0.229,0.20420193217781277
0.5663598059655169,0.23,0.20364019403448305
0.566,0.23081629975120743,0.20318370024879262
0.5659189617388962,0.231,0.20308103826110377
0.5654746737587435,0.232,0.2025253262412565
0.5650281046659299,0.233,0.2019718953340701
0.565,0.23306248200056742,0.20193751799943263
0.5645779498590725,0.234,0.20142205014092748
0.5641254709356238,0.235,0.2008745290643762
0.564,0.235275483418298,0.20072451658170207
0.5636697391960483,0.236,0.20033026080395167
0.5632114197652833,0.237,0.19978858023471668
0.563,0.23745854490119653,0.19954145509880353
0.5627501454332889,0.238,0.19924985456671107
0.5622860541713234,0.239,0.19871394582867663
0.562,0.2396130175706312,0.19838698242936875
0.5618192710069849,0.24,0.1981807289930151
0.561349475963806,0.241,0.197650524036194
0.561,0.24174016945725346,0.19725983054274648
0.5608772171632693,0.242,0.19712278283673068
0.5604017857832462,0.243,0.19659821421675383
0.56,0.24384119195722803,0.19615880804277191
0.5599240839945075,0.244,0.19607591600549246
0.559443083136361,0.245,0.19555691686363896
0.559,0.24591720569348308,0.19508279430651687
0.5589599704745555,0.246,0.19504002952544452
0.5584734664308135,0.247,0.19452653356918648
0.558,0.2479692658451256,0.19403073415487435
0.5579849744930303,0.248,0.1940150255069697
0.5574930330089916,0.249,0.19350696699100844
0.557,0.24999836700061215,0.1930016329993878
0.5569991928886381,0.25,0.19300080711136192
0.5565018791808668,0.251,0.1924981208191332
0.55600271267525,0.252,0.19199728732474997
0.556,0.25200540161358914,0.1919945983864108
0.5555001002559721,0.253,0.19149989974402792
0.555,0.2539913938956941,0.19100860610430587
0.5549956551052045,0.254,0.19100434489479545
0.5544877905745369,0.255,0.1905122094254631
0.554,0.25595704381189294,0.19004295618810702
0.553978087636564,0.256,0.19002191236343602
0.5534650435378169,0.257,0.1895349564621831
0.553,0.2579031901671154,0.18909680983288457
0.5529501120265412,0.258,0.18904988797345879
0.5524319516376534,0.259,0.18856804836234664
0.552,0.25983058385976526,0.1881694161402347
0.5519118203289524,0.26,0.18808817967104763
0.5513886064852971,0.261,0.1876113935147029
0.551,0.26173993670188206,0.1872600632981179
0.5508633037290355,0.262,0.18713669627096452
0.5503350988395266,0.263,0.1866649011604734
0.55,0.26363192403904906,0.1863680759609509
0.5498046525712309,0.264,0.1861953474287691
0.5492715186340948,0.265,0.18572848136590514
0.549,0.26550718716166105,0.1854928128383389
0.548735956386303,0.266,0.18526404361369697
0.5481979550045318,0.267,0.18480204499546815
0.548,0.26736633552675787,0.1846336644732421
0.5476573039178306,0.268,0.18434269608216935
0.547114496314333,0.269,0.18388550368566703
0.547,0.26920994880764376,0.1837900511923562
0.5465687831480959,0.27,0.1834312168519041
0.5460212301805605,0.271,0.1829787698194395
0.546,0.2710385787867371,0.18296142121326286
0.5454704813233973,0.272,0.18252951867660272
0.545,0.2728516383667605,0.18214836163323944
0.5449179700959109,0.273,0.18208202990408906
0.5443624849788139,0.274,0.18163751502118608
0.544,0.27465037077748283,0.18134962922251713
0.5438049705438396,0.275,0.1811950294561604
0.5432448799624451,0.276,0.1807551200375549
0.543,0.27643555402192865,0.1805644459780713
0.5426823878160408,0.277,0.18031761218395914
0.54211775145915,0.278,0.17988224854085
0.542,0.2782076494971249,0.17979235050287506
0.5415503067605396,0.279,0.17944969323946036
0.541,0.27996685754486583,0.17903314245513413
0.5409811204508448,0.28,0.17901887954915519
0.5404088115946772,0.281,0.17859118840532273
0.54,0.2817122531925289,0.17828774680747106
0.5398347033869536,0.282,0.17816529661304642
0.5392579859276871,0.283,0.17774201407231288
0.539,0.2834457745744764,0.17755422542552357
0.5386789801676931,0.284,0.17732101983230691
0.5380979127828477,0.285,0.17690208721715234
0.538,0.2851678107953047,0.1768321892046953
0.5375140335105292,0.286,0.17648596648947085
0.537,0.2868778762887921,0.1761221237112079
0.5369284311827575,0.287,0.17607156881724256
0.5363399455772483,0.288,0.17566005442275173
0.536,0.2885759485974671,0.17542405140253287
0.5357494987148046,0.289,0.17525050128519543
0.5351567979951207,0.29,0.1748432020048793
0.535,0.2902635708253856,0.17473642917461435
0.5345615298968559,0.291,0.17443847010314412
0.534,0.29194066557014603,0.17405933442985394
0.5339645504084316,0.292,0.17403544959156841
0.5333646055651438,0.293,0.17363539443485626
0.533,0.29360608738422644,0.17339391261577353
0.53276283269786,0.294,0.17323716730214006
0.5321588060705176,0.295,0.17284119392948244
0.532,0.29526198466309655,0.17273801533690342
0.5315522624297997,0.296,0.17244773757020032
0.531,0.2969080321808627,0.17209196781913727
0.5309440180440225,0.297,0.17205598195597754
0.530332919231195,0.298,0.17166708076880505
0.53,0.29854331880730295,0.17145668119269702
0.529719930873975,0.299,0.17128006912602506
0.5291048822906895,0.3,0.17089511770931048
0.529,0.30016991149865196,0.170830088501348
0.5284871719189935,0.301,0.17051282808100648
0.528,0.3017866631059342,0.17021333689406576
0.5278677704715641,0.302,0.17013222952843593
0.5272458197079763,0.303,0.16975418029202366
0.527,0.30339408309389465,0.16960591690610533
0.5266217220550009,0.304,0.1693782779449991
0.526,0.3049935147319394,0.16900648526806056
0.5259959381866064,0.305,0.1690040618133936
0.5253671798692842,0.306,0.16863282013071584
0.525,0.30658261195602177,0.1684173880439782
0.5247367250210653,0.307,0.16826327497893473
0.5241042214520416,0.308,0.1678957785479584
0.524,0.30816421812527184,0.16783578187472814
0.5234691166236018,0.309,0.16753088337639815
0.523,0.309736863682157,0.16726313631784295
0.5228323337555567,0.31,0.1671676662444433
0.5221931899682177,0.311,0.16680681003178227
0.522,0.3113013763795089,0.1666986236204911
0.5215517814436644,0.312,0.16644821855633557
0.521,0.312858130153408,0.16614186984659196
0.5209086988461392,0.313,0.16609130115386078
0.5202630079796265,0.314,0.16573699202037345
0.52,0.31440628099731516,0.16559371900268482
0.5196153235168436,0.315,0.1653846764831564
0.519,0.31594763468861553,0.16505236531138445
0.51896596861972,0.316,0.16503403138028
0.5183138233193814,0.317,0.16468617668061863
0.518,0.3174801155474274,0.1645198844525726
0.5176598898333258,0.318,0.1643401101666742
0.5170042739239622,0.319,0.1639957260760378
0.517,0.3190064960158947,0.16399350398410528
0.5163457816858812,0.32,0.1636542183141188
0.516,0.3205240025522749,0.16347599744772506
0.515685625271733,0.321,0.163314374728267
0.5150237194063143,0.322,0.16297628059368569
0.515,0.322035714452549,0.16296428554745096
0.5143590267268354,0.323,0.16264097327316457
0.514,0.323539007594119,0.16246099240588097
0.5136926726823285,0.324,0.16230732731767145
0.513024568413975,0.325,0.16197543158602495
0.513,0.3250366523328732,0.16196334766712678
0.5123537001209723,0.326,0.16164629987902773
0.512,0.32652614309222283,0.16147385690777716
0.5116811729679487,0.327,0.1613188270320513
0.5110069614964969,0.328,0.16099303850350305
0.511,0.32801029138794624,0.16098970861205375
0.5103299416575653,0.329,0.1606700583424347
0.51,0.3294863717816288,0.16051362821837117
0.5096512651627901,0.33,0.16034873483720985
0.509,0.330957309126714,0.160042690873286
0.5089709317132797,0.331,0.1600290682867203
0.5082878893139048,0.332,0.1597121106860952
0.508,0.33242060992090816,0.15957939007909183
0.5076030865091806,0.333,0.15939691349081936
0.507,0.3338786416349088,0.15912135836509117
0.5069166285405253,0.334,0.15908337145947465
0.506227679330836,0.335,0.15877232066916397
0.506,0.33532973025341084,0.15867026974658915
0.5055367725324507,0.336,0.15846322746754932
0.505,0.3367752080185953,0.1582247919814047
0.5048442120706264,0.337,0.15815578792937363
0.5041494462864817,0.338,0.15785055371351825
0.504,0.33821456474403694,0.15778543525596306
0.5034524571140232,0.339,0.15754754288597678
0.503,0.33964782478928757,0.15735217521071243
0.502753815492739,0.34,0.15724618450726097
0.5020533231682589,0.341,0.15694667683174107
0.502,0.341075907111327,0.15692409288867298
0.5013502725628294,0.342,0.1566497274371706
0.501,0.34249727110915434,0.15650272889084565
0.5006455704415343,0.343,0.15635442955846562
0.5,0.3439140164532716,0.15608598354672842
0.4999392159991027,0.344,0.1560607840008973
0.49923034968515717,0.345,0.1557696503148429
0.499,0.34532429107278567,0.15567570892721433
0.4985196070664843,0.346,0.15548039293351568
0.498,0.3467295563217967,0.1552704436782033
0.4978072126672322,0.347,0.15519278733276787
0.4970928178530329,0.348,0.15490718214696708
0.497,0.34812959582343284,0.15487040417656717
0.4963760540997098,0.349,0.15462394590029027
0.496,0.34952367152005526,0.15447632847994475
0.4956576388330647,0.35,0.15434236116693534
0.495,0.35091337185639876,0.15408662814360125
0.49493757097743923,0.351,0.15406242902256073
0.49421503892248664,0.352,0.15378496107751338
0.494,0.3522970302195943,0.1537029697804057
0.49349062125795834,0.353,0.15350937874204162
0.493,0.35367591752530503,0.15332408247469498
0.49276455088795856,0.354,0.15323544911204146
0.4920366876305019,0.355,0.15296331236949812
0.492,0.3550502720880688,0.15294972791193123
0.49130628543343297,0.356,0.1526937145665671
0.491,0.35641860966922667,0.15258139033077334
0.49057423014841917,0.357,0.15242576985158085
0.49,0.3577827926009319,0.15221720739906813
0.4898405204302276,0.358,0.15215947956977238
0.4891047556448166,0.359,0.15189524435518342
0.489,0.3591420505963589,0.1518579494036411
0.48836673245846185,0.36,0.15163326754153816
0.488,0.3604960257202593,0.15150397427974072
0.48762705407996976,0.361,0.15137294592003026
0.487,0.36184596245264966,0.15115403754735035
0.486885719008187,0.362,0.151114280991813
0.48614218038885093,0.363,0.15085781961114908
0.486,0.3631908245618582,0.15080917543814182
0.4853965495331462,0.364,0.15060345046685375
0.485,0.3645308773998782,0.1504691226001218
0.48464926085178645,0.365,0.1503507391482135
0.484,0.36586700205196476,0.15013299794803525
0.4839003126871319,0.366,0.15009968731286805
0.48314912773903496,0.367,0.14985087226096505
0.483,0.3671981299222584,0.1498018700777416
0.4823959008206138,0.368,0.14960409917938622
0.482,0.36852467782599385,0.14947532217400616
0.48164101291577827,0.369,0.1493589870842218
0.481,0.3698474020973571,0.1491525979026429
0.4808844622096513,0.37,0.1491155377903487
0.48012575833303206,0.371,0.14887424166696794
0.48,0.3711654212194991,0.14883457878050094
0.47936494526895507,0.372,0.148635054731045
0.479,0.37247886025402405,0.14852113974597597
0.4786024675319421,0.373,0.14839753246805798
0.478,0.37378857492550815,0.14821142507449186
0.477838323148943,0.374,0.14816167685105708
0.47707222772237184,0.375,0.1479277722776282
0.477,0.3750940772634443,0.14790592273655573
0.4763038367618673,0.376,0.14769616323813273
0.476,0.37639478361501816,0.14760521638498186
0.47553377691703,0.377,0.14746622308296997
0.475,0.3776918599269638,0.14730814007303622
0.4747620460555183,0.378,0.1472379539444817
0.474,0.37898532774044275,0.14701467225955728
0.47398864200032753,0.379,0.14701135799967247
0.47321272426291294,0.38,0.14678727573708705
0.473,0.380273737594868,0.14672626240513204
0.47243508838690274,0.381,0.14656491161309726
0.472,0.3815585285145415,0.14644147148545855
0.471655776597661,0.382,0.146344223402339
0.471,0.3828397995144937,0.14616020048550632
0.47087478655688325,0.383,0.1461252134431168
0.47009175195374686,0.384,0.14590824804625313
0.47,0.38411694729885404,0.145883052701146
0.46930654449291664,0.385,0.14569345550708335
0.469,0.38538978868746676,0.14561021131253327
0.46851965569598364,0.386,0.14548034430401635
0.468,0.386659194455414,0.145340805544586
0.4677310830618016,0.387,0.14526891693819843
0.46614828315267376,0.389,0.14485171684732623
0.466,0.38918678922955524,0.1448132107704448
0.464557666200128,0.391,0.14444233379987192
0.464,0.39169916476322586,0.14430083523677417
0.46296027854002575,0.393,0.14403972145997423
0.462,0.39419723151777597,0.14380276848222406
0.46135466617470217,0.395,0.14364533382529787
0.46,0.39668067974785526,0.14331932025214478
0.45974209661372967,0.397,0.1432579033862703
0.4581222088232093,0.399,0.14287779117679067
0.458,0.39915043720285187,0.14284956279714817
0.456494452909896,0.401,0.142505547090104
0.456,0.4016058477452186,0.14239415225478141
0.45485984464714124,0.403,0.14214015535285873
0.454,0.4040484433769362,0.14195155662306386
0.4532174658371813,0.405,0.14178253416281872
0.452,0.40647665513124565,0.1415233448687544
0.45156763065955147,0.407,0.1414323693404485
0.451,0.4076861633572424,0.14131383664275754
0.45074012262009533,0.408,0.1412598773799047
0.45,0.4088926261236224,0.14110737387637762
0.44991088299293286,0.409,0.14108911700706722
0.4490795789587583,0.41,0.14092042104124175
0.449,0.4100955717446231,0.14090442825537686
0.44824617460264915,0.411,0.14075382539735087
0.448,0.41129497541892124,0.1407050245810788
0.4474110329998679,0.412,0.14058896700013207
0.447,0.4124913956347259,0.14050860436527401
0.4465741504916673,0.413,0.14042584950833265
0.446,0.4136848461969324,0.14031515380306764
0.44573552336551553,0.414,0.14026447663448444
0.445,0.4148753407457632,0.14012465925423673
0.4448951478546525,0.415,0.14010485214534746
0.4440527994805459,0.416,0.13994720051945414
0.444,0.4160625775357102,0.13993742246428986
0.4432082646219454,0.417,0.13979173537805462
0.443,0.4172462772950934,0.13975372270490655
0.44236197508236935,0.418,0.13963802491763072
0.442,0.41842707897569154,0.13957292102430852
0.4415139269090881,0.419,0.13948607309091193
0.441,0.41960499540475205,0.1393950045952479
0.440664116093334,0.42,0.139335883906666
0.44,0.4207800392572556,0.13921996074274445
0.4398125385698168,0.421,0.13918746143018318
0.439,0.4219522230577585,0.13904777694224146
0.43895919021622976,0.422,0.13904080978377026
0.4381036287189567,0.423,0.13889637128104332
0.438,0.42312095672497574,0.13887904327502432
0.43724612202007684,0.424,0.13875387797992317
0.437,0.42428663478702583,0.13871336521297412
0.43638683740816603,0.425,0.13861316259183393
0.436,0.425449506383416,0.13855049361658406
0.4355257705671385,0.426,0.13847422943286153
0.435,0.42660958329656967,0.13839041670343027
0.434662917121876,0.427,0.13833708287812402
0.434,0.4277668771694622,0.13823312283053785
0.4337982726376899,0.428,0.13820172736231012
0.433,0.4289213995072504,0.13807860049274956
0.4329318326197732,0.429,0.13806816738022681
0.4320633216261767,0.43,0.13793667837382334
0.432,0.43007280296287137,0.1379271970371287
0.4311927219253185,0.431,0.13780727807468157
0.431,0.4312210874884111,0.13777891251158886
0.43032031879511207,0.432,0.13767968120488788
0.43,0.43236665010021186,0.1376333498997882
0.42944610753821827,0.433,0.13755389246178168
0.429,0.4335095016240923,0.13749049837590765
0.4285700833949401,0.434,0.13742991660505982
0.428,0.434649652757783,0.13735034724221706
0.4276922415426265,0.435,0.13730775845737347
0.427,0.43578711407236825,0.1372128859276317
0.4268125770950652,0.436,0.13718742290493474
0.426,0.4369218960137054,0.13707810398629466
0.42593108510186667,0.437,0.13706891489813328
0.4250475543358781,0.438,0.13695244566412196
0.425,0.43805374725280616,0.1369462527471938
0.42416189517049824,0.439,0.13683810482950182
0.424,0.43918257564371105,0.13681742435628902
0.4232743995734466,0.44,0.1367256004265534
0.423,0.44030877015955594,0.13669122984044402
0.4223850623801669,0.441,0.13661493761983318
0.422,0.441432340629857,0.1365676593701431
0.42149387835939917,0.442,0.13650612164060089
0.421,0.4425532967674032,0.13644670323259678
0.42060084221250904,0.443,0.13639915778749095
0.42,0.4436716481695147,0.13632835183048536
0.4197059485728044,0.444,0.13629405142719558
0.419,0.4447874043192797,0.13621259568072025
0.41880919200484157,0.445,0.13619080799515842
0.418,0.4459005745867719,0.13609942541322817
0.4179105670037191,0.446,0.1360894329962809
0.41701002384996033,0.447,0.13598997615003966
0.417,0.44701111482828726,0.1359888851717127
0.41610721636409126,0.448,0.13589278363590868
0.416,0.4481186253879634,0.1358813746120367
0.4152025303618262,0.449,0.1357974696381738
0.415,0.4492235913796325,0.13577640862036744
0.4142959601087932,0.45,0.13570403989120677
0.414,0.45032602161840735,0.13567397838159273
0.41338749979827033,0.451,0.1356125002017297
0.413,0.4514259248137053,0.13557407518629466
0.4124771435504185,0.452,0.13552285644958156
0.412,0.4525233095703302,0.13547669042966987
0.41156488541150016,0.453,0.13543511458849983
0.411,0.4536181843895338,0.1353818156104662
0.4106507193530857,0.454,0.13534928064691426
0.41,0.4547105576700614,0.13528944232993867
0.4097346392712456,0.455,0.13526536072875445
0.409,0.4558004377091803,0.1351995622908197
0.4088166389857296,0.456,0.13518336101427036
0.408,0.456887832703691,0.1351121672963091
0.40789671223913143,0.457,0.1351032877608685
0.407,0.45797275075092236,0.1350272492490776
0.40697485269603917,0.458,0.1350251473039608
0.40605082536475523,0.459,0.13494917463524475
0.406,0.4590549403984297,0.13494505960157027
0.40512474747749816,0.46,0.13487525252250182
0.405,0.4601345534790377,0.13486544652096227
0.40419672491938646,0.461,0.13480327508061346
0.404,0.46121172597604315,0.13478827402395682
0.40326675110037874,0.462,0.1347332488996213
0.403,0.4622864655004185,0.13471353449958146
0.4023348193489473,0.463,0.13466518065105265
0.402,0.46335877956968297,0.134641220430317
0.401400922911155,0.464,0.13459907708884494
0.401,0.4644286756087861,0.1345713243912139
0.40046505494971524,0.465,0.13453494505028468
0.4,0.46549616095097635,0.13450383904902363
0.399527208543037,0.466,0.13447279145696295
0.399,0.466561242838656,0.13443875716134396
0.3985873766842531,0.467,0.13441262331574683
0.398,0.46762392842422196,0.13437607157577802
0.39764555228023113,0.468,0.13435444771976884
0.397,0.46868422477089233,0.13431577522910765
0.39670172815056876,0.469,0.13429827184943133
0.396,0.4697421388535199,0.13425786114648008
0.39575589702657027,0.47,0.1342441029734298
0.395,0.4707976775593921,0.13420232244060787
0.3948080515502072,0.471,0.13419194844979276
0.394,0.4718508476890177,0.1341491523109823
0.3938581842730592,0.472,0.13414181572694084
0.393,0.4729016559569002,0.13409834404309978
0.3929062876552379,0.473,0.1340937123447622
0.392,0.4739501089922992,0.13404989100770076
0.39195235406429185,0.474,0.13404764593570817
0.391,0.47499621333997855,0.13400378666002144
0.39099637577409235,0.475,0.1340036242259076
0.39003816794247476,0.476,0.13396183205752532
0.39,0.4760397919494548,0.1339602080505452
0.38907789178969515,0.477,0.13392210821030492
0.389,0.47708102859766277,0.13391897140233722
0.38811555608617754,0.478,0.13388444391382248
0.388,0.4781199469089661,0.1338800530910339
0.38715115280450235,0.479,0.1338488471954976
0.387,0.4791565530184803,0.13384344698151968
0.3861846738190058,0.48,0.13381532618099423
0.386,0.48019085298139613,0.13380914701860386
0.3852161109045659,0.481,0.13378388909543404
0.385,0.48122285277364196,0.13377714722635803
0.38424545573536867,0.482,0.1337545442646313
0.384,0.4822525582925352,0.13374744170746478
0.3832726998836517,0.483,0.13372730011634826
0.383,0.48327997535742284,0.13372002464257715
0.3822978348184262,0.484,0.13370216518157374
0.382,0.48430510971031127,0.13369489028968873
0.3813208519041763,0.485,0.1336791480958237
0.381,0.48532796701648434,0.13367203298351565
0.38034174239953544,0.486,0.13365825760046457
0.38,0.4863485528651122,0.1336514471348878
0.3793604974559395,0.487,0.13363950254406054
0.379,0.4873668727698487,0.1336331272301513
0.3783771081162561,0.488,0.13362289188374388
0.378,0.48838293216941836,0.13361706783058164
0.3773915653133888,0.489,0.1336084346866112
0.377,0.4893967364281942,0.1336032635718058
0.3764038598688581,0.49,0.13359614013114185
0.376,0.4904082908367642,0.13359170916323582
0.37541398249135527,0.491,0.13358601750864474
0.375,0.4914176006124884,0.1335823993875116
0.3744219237752715,0.492,0.1335780762247285
0.374,0.49242467090004644,0.13357532909995357
0.3734276741992005,0.493,0.13357232580079959
0.373,0.4934295067719749,0.1335704932280251
0.37243122412441365,0.494,0.13356877587558635
0.372,0.49443211322919517,0.13356788677080483
0.3714325637933087,0.495,0.13356743620669131
0.371,0.4954324952015322,0.1335675047984678
0.3704316833278293,0.496,0.13356831667217073
0.37,0.4964306575482232,0.13356934245177682
0.36942857272785673,0.497,0.13357142727214322
0.369,0.49742660505841774,0.13357339494158227
0.3684232218695725,0.498,0.13357677813042756
0.368,0.4984203424516687,0.1335796575483313
0.36741562050379045,0.499,0.1335843794962096
0.367,0.49941187437841356,0.13358812562158645
0.366405758254259,0.5,0.13359424174574097
0.366,0.5004012054204473,0.1335987945795527
0.3653936246159324,0.501,0.1336063753840676
0.365,0.5013883400913866,0.13361165990861346
0.36437920895320997,0.502,0.13362079104679003
0.364,0.5023732828371242,0.13362671716287577
0.3633625004981432,0.503,0.13363749950185677
0.363,0.5033560380362769,0.13364396196372308
0.3623434883486099,0.504,0.13365651165139014
0.362,0.5043366100006224,0.13366338999937766
0.3613221614664539,0.505,0.1336778385335461
0.361,0.5053150029755291,0.1336849970244709
0.3602985086755915,0.506,0.13370149132440856
0.36,0.506291221140378,0.13370877885962207
0.35927251866008164,0.507,0.1337274813399184
0.359,0.5072652686089748,0.1337347313910252
0.3582441799621606,0.508,0.13375582003783937
0.358,0.5082371494299553,0.13376285057004467
0.3572134809802402,0.509,0.1337865190197598
0.357,0.5092068675871819,0.1337931324128181
0.3561804099668676,0.51,0.13381959003313237
0.356,0.5101744270001323,0.13382557299986775
0.355144955026648,0.511,0.133855044973352
0.355,0.5111398315242798,0.13386016847572024
0.35410710411412716,0.512,0.13389289588587283
0.354,0.5121030849514672,0.13389691504853285
0.35306684503163427,0.513,0.13393315496836566
0.353,0.5130641910102709,0.13393580898972912
0.3520241654270841,0.514,0.13397583457291584
0.352,0.5140231533663586,0.1339768466336414
0.351,0.5149798881367658,0.13402011186323426
0.35097894775307376,0.515,0.13402105224692618
0.35,0.5159343762287141,0.13406562377128595
0.34993115019102444,0.516,0.1340688498089755
0.349,0.5168867224582011,0.13411327754179891
0.3488808806702887,0.517,0.1341191193297112
0.348,0.5178369302902979,0.13416306970970215
0.347828126040346,0.518,0.13417187395965402
0.347,0.5187850031282166,0.1342149968717834
0.34677287298195586,0.519,0.13422712701804407
0.346,0.5197309443136301,0.13426905568636993
0.34571510800464156,0.52,0.13428489199535842
0.345,0.5206747571269834,0.13432524287301661
0.34465481744412496,0.521,0.13434518255587502
0.344,0.5216164447878,0.13438355521220002
0.3435919874597113,0.522,0.13440801254028867
0.343,0.5225560104549777,0.13444398954502235
0.3414586529582792,0.524,0.13454134704172072
0.341,0.52442878814262,0.13457121185738008
0.33931499014380906,0.526,0.13468500985619092
0.339,0.5262931142594552,0.1347068857405448
0.3371608816608913,0.528,0.13483911833910867
0.337,0.5281490119228772,0.1348509880771228
0.335,0.5299964883566377,0.13500351164336233
0.33499618737532094,0.53,0.1350038126246791
0.333,0.5318349085650217,0.13516509143497835
0.3328199084171414,0.532,0.1351800915828586
0.331,0.5336649318558501,0.13533506814414997
0.33063274735874826,0.534,0.1353672526412517
0.329,0.5354865779193071,0.13551342208069295
