'p1','p2','p3'
0.0,0.8330942666810753,0.16690573331892467
0.00043775254172965166,0.834,0.16556224745827042
0.000923624266232965,0.835,0.1640763757337671
0.001,0.8351565043018387,0.16384349569816126
0.0015712905610533795,0.836,0.1624287094389466
0.002,0.8366294975119652,0.16137050248803475
0.0022963468528013785,0.837,0.1607036531471987
0.003,0.8378748649186123,0.1591251350813877
0.0031136938671101886,0.838,0.1588863061328899
0.004,0.8389700706921028,0.15702992930789716
0.004030303859724673,0.839,0.15696969614027534
0.005,0.8399523522622598,0.15504764773774016
0.005053158848007122,0.84,0.15494684115199286
0.006,0.8408439025574688,0.15315609744253122
0.006190498811419589,0.841,0.1528095011885804
0.007,0.8416595599391786,0.15134044006082137
0.007452239621660438,0.842,0.1505477603783396
0.008,0.8424099966400843,0.14959000335991568
0.008850286179453092,0.843,0.14814971382054698
0.009,0.8431032886995223,0.14789671130047766
0.01,0.8437449842055234,0.14625501579447664
0.01042678000340974,0.844,0.14557321999659034
0.011,0.8443405337748053,0.14465946622519466
0.012,0.8448941842999754,0.14310581570002456
0.012204721882125628,0.845,0.1427952781178744
0.013,0.8454086522527263,0.14159134774727367
0.014,0.84588773605143,0.14011226394857001
0.014250983223005553,0.846,0.13974901677699447
0.015,0.8463330490377245,0.13866695096227544
0.016,0.8467474335221165,0.13725256647788353
0.016654360384391064,0.847,0.13634563961560897
0.017,0.84713260929978,0.13586739070022003
0.018,0.8474898611005012,0.1345101388994988
0.019,0.8478214160191981,0.13317858398080185
0.019580772884539317,0.848,0.13241922711546072
0.02,0.8481281255467426,0.13187187445325743
0.021,0.8484110476598469,0.1305889523401531
0.022,0.8486718080853192,0.1293281919146808
0.023,0.8489113602476454,0.12808863975235463
0.023403647519527948,0.849,0.12759635248047208
0.024,0.8491301438143297,0.12686985618567026
0.025,0.8493291655167879,0.12567083448321203
0.026,0.8495094633968633,0.12449053660313669
0.027,0.8496717275838189,0.12332827241618105
0.028,0.8498166005014498,0.12218339949855017
0.029,0.8499446819067596,0.12105531809324033
0.029493819468299962,0.85,0.12050618053170004
0.03,0.8500563393930679,0.11994366060693207
0.031,0.8501521556123032,0.1188478443876968
0.032,0.8502328140114943,0.11776718598850566
0.033,0.8502987808982001,0.11670121910179987
0.034,0.8503504968520044,0.1156495031479956
0.035,0.8503883789670548,0.1146116210329452
0.036,0.8504128228424048,0.11358717715759514
0.037,0.8504242043550011,0.11257579564499887
0.038,0.8504228812445431,0.11157711875545684
0.039,0.8504091945348423,0.11059080546515765
0.04,0.8503834698125473,0.10961653018745265
0.041,0.850346018380987,0.10865398161901296
0.042,0.850297138304302,0.10770286169569798
0.043,0.8502371153548854,0.10676288464511452
0.044,0.8501662238753489,0.10583377612465106
0.045,0.8500847275647138,0.1049152724352862
0.04592224581020088,0.85,0.10407775418979914
0.046,0.8499928537600488,0.10400714623995111
0.047,0.8498905191130296,0.10310948088697036
0.048,0.8497782726083847,0.10222172739161528
0.049,0.8496563421232325,0.10134365787676747
0.05,0.8495249479075584,0.10047505209244156
0.051,0.8493843030602503,0.0996156969397497
0.052,0.8492346139701398,0.09876538602986018
0.053,0.8490760807254771,0.09792391927452282
0.05345421638712447,0.849,0.09754578361287558
0.054,0.8489085456693626,0.09709145433063737
0.055,0.8487322167018898,0.09626778329811014
0.056,0.848547569220348,0.09545243077965193
0.057,0.8483547815398921,0.09464521846010787
0.058,0.8481540273094937,0.09384597269050621
0.0587378699036013,0.848,0.09326213009639872
0.059,0.8479452600198206,0.09305473998017944
0.061,0.8475036565931555,0.09149634340684454
0.063,0.8470326318077999,0.08996736819220019
0.06313214082557715,0.847,0.08986785917442286
0.065,0.8465314961869523,0.08846850381304772
0.067,0.8460030265419987,0.08699697345800139
0.069,0.8454461740597605,0.08555382594023953
0.07053709310922804,0.845,0.08446290689077196
0.071,0.8448635678543873,0.08413643214561273
0.072,0.8445621641222968,0.08343783587770326
0.073,0.8442548132971396,0.08274518670286046
0.0738130619565528,0.844,0.08218693804344723
0.074,0.843941391553726,0.082058608446274
0.075,0.8436211480433341,0.08137885195666594
0.076,0.8432952836141681,0.08070471638583199
0.07689072800949155,0.843,0.08010927199050843
0.077,0.8429637618396778,0.08003623816032224
0.078,0.8426255427597018,0.07937445724029824
0.079,0.8422820128025542,0.07871798719744583
0.0798080735080188,0.842,0.07819192649198126
0.08,0.8419329938146464,0.07806700618535367
0.081,0.8415776158454803,0.07742238415451974
0.082,0.8412172231686564,0.0767827768313436
0.08259366357445297,0.841,0.07640633642554706
0.083,0.8408512652461042,0.07614873475389583
0.084,0.8404795036187065,0.07552049638129354
0.085,0.8401030115963339,0.0748969884036661
0.08526946939482126,0.84,0.07473053060517876
0.086,0.8397206330814286,0.0742793669185714
0.087,0.8393332269505909,0.07366677304940916
0.08784983099209966,0.839,0.07315016900790039
0.088,0.8389410956537716,0.07305890434622841
0.089,0.8385430479568133,0.0724569520431867
0.09,0.8381407052083052,0.07185929479169484
0.09034513897630055,0.838,0.07165486102369945
0.091,0.8377329308730346,0.07126706912696545
0.092,0.8373203670762785,0.07067963292372148
0.09276823542050802,0.837,0.07023176457949198
0.093,0.8369033151208672,0.07009668487913279
0.094,0.8364807816893209,0.06951921831067909
0.095,0.836054365771498,0.06894563422850197
0.09512588629137404,0.836,0.06887411370862595
0.096,0.8356223653260871,0.06837763467391289
0.097,0.8351863726651929,0.06781362733480711
0.09742284302803986,0.835,0.0675771569719602
0.098,0.8347455201767743,0.06725447982322574
0.099,0.8343001849486826,0.06669981505131739
0.09966782554934202,0.834,0.06633217445065798
0.1,0.8338506352835111,0.06614936471648891
0.101,0.8333961855517682,0.06560381444823182
0.10186489047155538,0.833,0.0651351095284447
0.102,0.8329380874135236,0.06506191258647642
0.103,0.8324747455935837,0.06452525440641632
0.104,0.8320082008920318,0.06399179910796826
0.10401738173071268,0.832,0.06398261826928742
0.105,0.8315362251692716,0.0634637748307284
0.106,0.8310611445131838,0.06293885548681621
0.10612737854389359,0.831,0.06287262145610639
0.107,0.830580974086167,0.06241902591383297
0.108,0.8300975682560693,0.06190243174393073
0.10819989487791172,0.83,0.061800105122088334
0.109,0.8296093325549461,0.06139066744505395
0.11,0.8291178081757355,0.060882191824264464
0.11023749578132586,0.829,0.06076250421867413
0.111,0.8286216318406778,0.06037836815932218
0.112,0.8281221917539867,0.0598778082460133
0.1122425098726876,0.828,0.05975749012731246
0.113,0.8276181948782875,0.05938180512171254
0.114,0.827111038501472,0.05888896149852796
0.11421705791396677,0.827,0.058782942086033296
0.115,0.8265993368565664,0.05840066314343362
0.116,0.8260846605306791,0.057915339469320926
0.11616307735355712,0.826,0.05783692264644291
0.117,0.8255653657745549,0.05743463422544515
0.118,0.8250433631035539,0.056956636896446144
0.11808234349716679,0.825,0.056917656502833314
0.119,0.8245165829738654,0.056483417026134575
0.11997615455527295,0.824,0.05602384544472705
0.12,0.8239873765544605,0.05601262344553948
0.121,0.8234532836503059,0.0555467163496941
0.12184486984013779,0.823,0.05515513015986229
0.122,0.8229167418158084,0.055083258184191575
0.123,0.8223757573479922,0.054624242652007826
0.12369108575131381,0.822,0.054308914248686224
0.124,0.8218319790680918,0.0541680209319082
0.125,0.821284288439026,0.05371571156097399
0.12551611163012155,0.821,0.053483888369878496
0.126,0.8207333693373235,0.05326663066267645
0.127,0.8201791565917208,0.052820843408279194
0.12732116254858583,0.82,0.05267883745141422
0.128,0.8196211890835482,0.0523788109164518
0.129,0.8190606372303267,0.05193936276967326
0.12910736918625956,0.819,0.051892630813740515
0.13,0.8184957106503407,0.05150428934965934
0.1308741183125412,0.818,0.051125881687458796
0.131,0.8179285883535712,0.05107141164642881
0.132,0.817357202709363,0.05064279729063703
0.13262243196926665,0.817,0.050377568030733455
0.133,0.816783246584953,0.050216753415046944
0.134,0.8162059307028887,0.049794069297111276
0.1343546979696019,0.816,0.049645302030398186
0.135,0.8156252231789128,0.04937477682108715
0.136,0.8150421572872962,0.04895784271270376
0.13607179434903965,0.815,0.048928205650960344
0.137,0.8144547780928935,0.04854522190710653
0.13777159082604742,0.814,0.04822840917395266
0.138,0.8138653293526136,0.04813467064738641
0.139,0.8132721690352386,0.04772783096476141
0.13945673692419974,0.813,0.04754326307580037
0.14,0.8126761610417004,0.04732383895829961
0.141,0.8120776519125957,0.04692234808740425
0.14112892188742585,0.812,0.04687107811257407
0.142,0.8114751583424906,0.046524841657509364
0.14278611552839784,0.811,0.04621388447160213
0.143,0.8108706765856253,0.0461293234143747
0.144,0.8102625734099164,0.04573742659008362
0.14442992210933087,0.81,0.045570077890669136
0.145,0.8096517104419954,0.04534828955800463
0.146,0.8090386575944913,0.04496134240550864
0.14606265580861255,0.809,0.044937344191387396
0.147,0.8084214815312271,0.04457851846877292
0.14768088267877064,0.808,0.044319117321229284
0.148,0.807802393367737,0.04419760663226302
0.149,0.8071802386399002,0.043819761360099796
0.14928830964476408,0.807,0.04371169035523581
0.15,0.806554934397104,0.04344506560289596
0.15088484973549773,0.806,0.04311515026450219
0.151,0.8059277593730363,0.04307224062696369
0.152,0.805296773433081,0.04270322656691894
0.15246869816659733,0.805,0.04253130183340259
0.153,0.8046634753677147,0.04233652463228532
0.154,0.8040281581608653,0.041971841839134716
0.15404405497759688,0.804,0.041955945022403074
0.155,0.8033887972309385,0.041611202769061495
0.15560647262727237,0.803,0.04139352737272761
0.156,0.8027476343588292,0.04125236564117074
0.157,0.8021039719763279,0.04089602802367209
0.15716070831075435,0.802,0.040839291689245605
0.158,0.8014568328317289,0.04054316716827111
0.158704075642042,0.801,0.040295924357957924
0.159,0.8008079291082218,0.04019207089177812
0.16,0.8001561887273618,0.03984381127263814
0.16023858948650405,0.8,0.03976141051349591
0.161,0.799501391827763,0.03949860817223694
0.1617637642709153,0.799,0.039236235729084634
0.162,0.7988448664041167,0.039155133595883296
0.163,0.7981853146774782,0.03881468532252175
0.16327985404870904,0.798,0.03872014595129092
0.164,0.7975229758299459,0.03847702417005405
0.16478763024574436,0.797,0.03821236975425557
0.165,0.7968589432872476,0.038141056712752364
0.166,0.7961918470988373,0.037808152901162684
0.16628650394866937,0.796,0.037713496051330564
0.167,0.7955220776761466,0.037477922323853385
0.16777761777805916,0.795,0.03722238222194074
0.168,0.7948506482382579,0.037149351761742055
0.169,0.7941762754970905,0.036823724502909494
0.16926040402457196,0.794,0.036739595975427974
0.17,0.7934991826358061,0.03650081736419386
0.17073553931383312,0.793,0.036264460686166844
0.171,0.7928204623626055,0.036179537637394454
0.172,0.7921390828445126,0.03586091715548745
0.17220329663909528,0.792,0.03579670336090468
0.174,0.790768860585875,0.035231139414125034
0.175116814754296,0.79,0.034883185245703996
0.176,0.7893893124385974,0.03461068756140262
0.178,0.7880017411829654,0.033998258817034666
0.17800249368329765,0.788,0.033997506316702286
0.18,0.7866032854903482,0.03339671450965187
0.1808600019885511,0.786,0.033139998011448846
0.182,0.785197142874086,0.03280285712591402
0.1836921087530289,0.784,0.03230789124697109
0.184,0.7837818413247324,0.03221815867526767
0.186,0.7823576462484624,0.03164235375153768
0.18650015071054488,0.782,0.03149984928945515
0.188,0.7809257982051306,0.031074201794869416
0.18928536940522744,0.78,0.03071463059477253
0.19,0.7794840639102342,0.030515936089765883
0.192,0.7780356511482901,0.029964348851709954
0.1920489508688596,0.778,0.029951049131140328
0.194,0.7765771919737117,0.029422808026288383
0.19478927247533218,0.776,0.0292107275246678
0.196,0.7751121152839655,0.02888788471603454
0.19750920533447347,0.774,0.02849079466552651
0.198,0.7736378127792045,0.02836218722079553
0.2,0.7721565869956086,0.027843413004391415
0.20021044253379186,0.772,0.027789557466208148
0.202,0.7706666976579796,0.02733330234202047
0.2028925657819352,0.77,0.02710743421806483
0.204,0.7691698400975008,0.026830159902499262
0.2042259198076675,0.769,0.026774080192332517
0.205,0.7684178873755378,0.026582112624462195
0.20555483579661135,0.768,0.026445164203388605
0.206,0.7676646097960619,0.026335390203938158
0.20688077948546843,0.767,0.026119220514531527
0.207,0.7669100116852077,0.026089988314792367
0.208,0.7661526428232032,0.02584735717679687
0.20820102271584592,0.766,0.025798977284154034
0.209,0.765393123605914,0.025606876394085987
0.20951679037390916,0.765,0.025483209626090852
0.21,0.7646323072546974,0.025367692745302595
0.21082972435427533,0.764,0.025170275645724605
0.211,0.7638701978584305,0.025129802141569568
0.212,0.7631057611406656,0.024894238859334394
0.2121379309999937,0.763,0.024862069000006315
0.213,0.7623387887860797,0.024661211213920287
0.2134410680998697,0.762,0.024558931900130254
0.214,0.7615705462165608,0.024429453783439192
0.2147415012914671,0.761,0.024258498708532916
0.215,0.7608010372973201,0.02419896270267996
0.216,0.7600299623789918,0.023970037621008244
0.21603870665847125,0.76,0.023961293341528744
0.217,0.7592556454751265,0.023744354524873557
0.21732969448153508,0.759,0.02367030551846494
0.218,0.7584800845422527,0.023519915457747342
0.2186181001474829,0.758,0.02338189985251704
0.219,0.7577032832344982,0.023296716765501824
0.21990394557352513,0.757,0.023096054426474888
0.22,0.7569252451622807,0.02307475483771937
0.221,0.7561444617621668,0.02285553823783326
0.22118459659692263,0.756,0.022815403403077417
0.222,0.7553616857428157,0.022638314257184322
0.22246141522734092,0.755,0.02253858477265902
0.223,0.7545776946711445,0.022422305328855474
0.22373578643949957,0.754,0.022264213560500457
0.224,0.7537924919607031,0.02220750803929694
0.225,0.7530060158289122,0.021993984171087777
0.22500761831008834,0.753,0.02199238168991169
0.226,0.7522161235030868,0.021783876496913268
0.22627326013876628,0.752,0.021726739861233746
0.227,0.7514250408617696,0.021574959138230376
0.2275365609127227,0.751,0.021463439087277325
0.228,0.7506327711322924,0.02136722886770759
0.22879753909485204,0.75,0.02120246090514799
0.229,0.7498393175036563,0.02116068249634373
0.23,0.7490441869309423,0.020955813069057694
0.23005538235339706,0.749,0.020944617646602937
0.231,0.748246106520684,0.020753893479316
0.2313079889846502,0.748,0.020692011015349787
0.232,0.7474468630626135,0.020553136937386474
0.2325583721563155,0.747,0.02044162784368453
0.233,0.7466464595715836,0.020353540428416417
0.23380654871938295,0.746,0.020193451280617003
0.234,0.7458448990267004,0.020155100973299644
0.235,0.7450416979795722,0.01995830202042781
0.23505174102029688,0.745,0.019948258979703093
0.236,0.7442355697423524,0.019764430257647625
0.23629187460228954,0.744,0.019708125397710496
0.237,0.7434283049018132,0.019571695098186792
0.23752989425730703,0.743,0.019470105742693034
0.238,0.7426199062739739,0.019380093726026115
0.23876581538508904,0.742,0.019234184614911
0.239,0.7418103766414708,0.01918962335852925
0.23999965316960667,0.741,0.01900034683039331
0.24,0.7409997187539301,0.019000281246069894
0.241,0.7401856801054421,0.01881431989455795
0.2412278384418784,0.74,0.01877216155812156
0.242,0.7393705271987759,0.018629472801224067
0.2424540067313012,0.739,0.01854599326869877
0.243,0.7385542660374658,0.01844573396253424
0.24367817750635207,0.738,0.018321822493647888
0.244,0.7377368992200048,0.018263100779995156
0.24490036466393791,0.737,0.01809963533606207
0.245,0.7369184293140079,0.018081570685992143
0.246,0.7360976218569036,0.017902378143096365
0.24611866076029218,0.736,0.017881339239707805
0.247,0.7352747082656708,0.01772529173432924
0.24733345153516823,0.735,0.017666548464831844
0.248,0.7344507113344309,0.01754928866556915
0.2485463394823326,0.734,0.01745366051766739
0.249,0.7336256334888757,0.01737436651112434
0.24975733733246952,0.733,0.017242662667530495
0.25,0.7327994771257784,0.01720052287422158
0.2509664576475398,0.732,0.01703354235246024
0.251,0.731972244613294,0.01702775538670598
0.252,0.7311420549341102,0.01685794506588978
0.25217086093793917,0.731,0.01682913906206085
0.253,0.7303104432607291,0.01668955673927086
0.2533728990435236,0.73,0.01662710095647646
0.254,0.729477774902174,0.01652222509782597
0.25457313501855017,0.729,0.01642686498144985
0.255,0.7286440520946811,0.016355947905318913
0.2557715803830431,0.728,0.01622841961695687
0.256,0.7278092770476464,0.016190722952353576
0.256968246508664,0.727,0.01603175349133601
0.257,0.7269734519438936,0.01602654805610637
0.258,0.7261347049737928,0.01586529502620715
0.2581603753972209,0.726,0.0158396246027791
0.259,0.7252945609894996,0.015705439010500366
0.25935024551509256,0.725,0.015649754484907463
0.26,0.7244533862172893,0.015546613782710716
0.26053840707446246,0.724,0.015461592925537504
0.261,0.7236111827171902,0.01538881728280983
0.2617248705124883,0.723,0.015275129487511752
0.262,0.7227679525242765,0.015232047475723487
0.26290964613559287,0.722,0.015090353864407158
0.263,0.7219236976489072,0.015076302351092807
0.264,0.7210772881784672,0.01492271182153282
0.2640911104352197,0.721,0.014908889564780314
0.265,0.7202287702945075,0.014771229705492495
0.2652693504688379,0.72,0.014730649531162099
0.266,0.7193792468938343,0.01462075310616573
0.2664459692339229,0.719,0.014554030766077086
0.267,0.7185287198723581,0.014471280127641872
0.2676209761955315,0.718,0.014379023804468538
0.268,0.7176771911027527,0.014322808897247241
0.268794380703308,0.717,0.014205619296692062
0.269,0.7168246624346682,0.014175337565331736
0.26996619199331306,0.716,0.014033808006686965
0.27,0.7159711356949404,0.014028864305059563
0.271,0.7151148350537235,0.013885164946276451
0.27113391781388796,0.715,0.013866082186112072
0.272,0.7142571138101729,0.013742886189827108
0.27229948355356104,0.714,0.013700516446438993
0.273,0.713398413571932,0.013601586428067969
0.2734635183747906,0.713,0.013536481625209373
0.274,0.7125387360601957,0.013461263939804291
0.274626030764754,0.712,0.01337396923524603
0.275,0.7116780829746802,0.013321917025319818
0.2757870291101555,0.711,0.013212970889844522
0.276,0.7108164559938113,0.013183544006188708
0.27694652169876405,0.71,0.013053478301235932
0.277,0.7099538567749081,0.0130461432250919
0.278,0.709088827301174,0.012911172698826023
0.27810251231417477,0.709,0.012897487685825326
0.279,0.7082220973631173,0.012777902636882721
0.2792560214889797,0.708,0.012743978511020382
0.28,0.7073544142943677,0.012645585705632234
0.2804080835732797,0.707,0.012591916426720418
0.281,0.7064857796546195,0.012514220345380522
0.2815587061849802,0.706,0.012441293815019794
0.283,0.7047456618015993,0.012254338198400827
0.2838556630252022,0.704,0.012144336974797776
0.285,0.7030017256344105,0.011998274365589534
0.2861439903926018,0.702,0.011856009607398299
0.287,0.7012496934903311,0.011750306509669017
0.28842392834312874,0.7,0.011576071656871356
0.289,0.6994939560006185,0.011506043999381599
0.2906984450182891,0.698,0.011301554981710926
0.291,0.6977345242263345,0.011265475773665545
0.2929675936388378,0.696,0.011032406361162206
0.293,0.6959714089377661,0.011028591062233972
0.295,0.6942008384979743,0.010799161502025756
0.29522650043376303,0.694,0.010773499566236966
0.297,0.6924261394767701,0.01057386052322995
0.29747958278535824,0.692,0.010520417214641808
0.299,0.6906478498449818,0.010352150155018225
0.29972757951565665,0.69,0.010272420484343403
0.301,0.6888659791670682,0.010134020832931911
0.30197053743383256,0.688,0.010029462566167435
0.302,0.6879737038522374,0.010026296147762515
0.303,0.6870789298078152,0.009921070192184911
0.3030880972809171,0.687,0.009911902719082821
0.305,0.6852857111611764,0.009714288838823637
0.3053182551969741,0.685,0.00968174480302586
0.307,0.6834890043890548,0.009510995610945261
0.3075436156986373,0.683,0.009456384301362641
0.309,0.6816888179469575,0.0093111820530426
0.30976422042178026,0.681,0.009235779578219638
0.311,0.6798851600452523,0.009114839954747711
0.31198011013457927,0.679,0.009019889865420683
0.313,0.6780763427478395,0.0089236572521606
0.3141866727253526,0.677,0.008813327274647342
0.315,0.6762616456004453,0.008738354399554726
0.31638824313630565,0.675,0.008611756863694309
0.317,0.6744435701840139,0.008556429815986144
0.31858534236137676,0.673,0.008414657638623257
0.319,0.6726221237065398,0.008377876293460207
0.32077800628983744,0.671,0.008221993710162523
0.321,0.6707973131513428,0.008202686848657215
0.32296627008623546,0.669,0.008033729913764498
0.323,0.6689691452797298,0.008030854720270209
0.325,0.667134333476258,0.007865666523742099
0.3251462086570938,0.667,0.007853791342906202
0.327,0.6652955145904123,0.007704485409587791
0.32732105236647646,0.665,0.007678947633523503
0.329,0.6634534325550938,0.007546567444906227
0.32949172340550725,0.663,0.007508276594492713
0.331,0.6616080932413558,0.007391906758644207
0.33165825271257565,0.661,0.007341747287424316
0.333,0.6597595023158771,0.007240497684122937
0.3338206706186136,0.659,0.0071793293813864345
0.335,0.6579076652430853,0.007092334756914731
0.33597900686129245,0.657,0.007020993138707521
0.337,0.656051183501958,0.006948816498042021
0.33812943075611257,0.655,0.006870569243887403
0.339,0.6541890844181931,0.006810915581806909
0.34027534987978214,0.653,0.006724650120217834
0.341,0.6523238362160009,0.006676163783999156
0.3424173995751428,0.651,0.0065826004248572545
0.343,0.6504554435710878,0.006544556428912274
0.34348698157055074,0.65,0.00651301842944918
0.344,0.6495200694926384,0.00647993050736162
0.3445556059660971,0.649,0.006444394033902956
0.345,0.6485839109723365,0.006416089027663552
0.3456232759493841,0.648,0.006376724050615956
0.346,0.6476469685423756,0.006353031457624447
0.34668999467751344,0.647,0.006310005322486489
0.347,0.6467092427234787,0.006290757276521286
0.34775576527742214,0.646,0.006244234722577846
0.348,0.6457707340249464,0.006229265975053577
0.3488205908462126,0.645,0.006179409153787452
0.349,0.6448314429447055,0.00616855705529451
0.3498844744514783,0.644,0.006115525548521683
0.35,0.6438913699693553,0.006108630030644768
0.3509474191316242,0.643,0.00605258086837579
0.351,0.6429505155742137,0.0060494844257863445
0.352,0.6420086109218005,0.005991389078199516
0.3520091226934464,0.642,0.005990877306553566
0.353,0.6410644481793966,0.005935551820603457
0.35306822269424404,0.641,0.005931777305755892
0.354,0.6401195280168465,0.005880471983153557
0.3541264250885269,0.64,0.005873574911473112
0.355,0.6391738508692686,0.005826149130731428
0.35518373263988384,0.639,0.00581626736011609
0.356,0.6382274171611111,0.005772582838888929
0.3562401480859257,0.638,0.005759851914074354
0.357,0.6372802273061918,0.005719772693808189
0.3572956741385573,0.637,0.0057043258614426495
0.358,0.6363322817077378,0.005667718292262203
0.3583503134842452,0.636,0.005649686515754815
0.359,0.6353835807584234,0.005616419241576631
0.35940406878428194,0.635,0.0055959312157181085
0.36,0.6344341248404075,0.005565875159592504
0.3604569426750461,0.634,0.0055430573249538595
0.361,0.6334839143253712,0.005516085674628801
0.3615089377682587,0.633,0.005491062231741228
0.362,0.6325329495745527,0.005467050425447262
0.3625600566512361,0.632,0.005439943348763854
0.363,0.6315812309387829,0.005418769061217077
0.36361030188713855,0.631,0.005389698112861385
0.364,0.6306287587585194,0.005371241241480584
0.3646596760152161,0.63,0.005340323984783901
0.365,0.6296755333638804,0.005324466636119629
0.36570818155105017,0.629,0.005291818448949881
0.366,0.6287215550746763,0.0052784449253237
0.36675582098679227,0.628,0.005244179013207728
0.367,0.6277668242004428,0.005233175799557177
0.3678025967913986,0.627,0.005197403208601403
0.368,0.6268113410404715,0.005188658959528469
0.368848511410862,0.626,0.0051514885891380535
0.369,0.6258551058838399,0.005144894116160148
0.3698935672684402,0.625,0.005106432731559751
0.37,0.624898119009441,0.005101880990558971
0.3709377667648808,0.624,0.005062233235119229
0.371,0.6239403806860125,0.005059619313987462
0.37198111227864344,0.623,0.005018887721356613
0.372,0.6229818911721646,0.005018108827835377
0.373,0.6220218501722804,0.004978149827719602
0.3730227335337125,0.622,0.004977266466287489
0.374,0.6210604443324194,0.004939555667580642
0.37406283993580325,0.621,0.004937160064196755
0.375,0.6200983137266245,0.004901686273375505
0.37510213222731953,0.62,0.00489786777268042
0.376,0.6191354585861409,0.004864541413859058
0.3761406125576742,0.619,0.004859387442325724
0.377,0.6181718791326507,0.004828120867349295
0.3771782830564595,0.618,0.004821716943540499
0.378,0.6172075755782956,0.0047924244217043555
0.3782151458336343,0.617,0.0047848541663657596
0.379,0.6162425481257013,0.004757451874298657
0.3792512029797093,0.616,0.00474879702029074
0.38,0.6152767969679989,0.004723203032001133
0.3802864565659294,0.615,0.0047135434340705995
0.381,0.6143103222888471,0.0046896777111529175
0.3813209086444534,0.614,0.004679091355546672
0.382,0.6133431242624532,0.004656875737546806
0.3823545612485314,0.613,0.004645438751468611
0.383,0.6123752030535938,0.004624796946406162
0.3833874163926798,0.612,0.0046125836073201976
0.384,0.6114065588176338,0.004593441182366154
0.3844194760728538,0.611,0.004580523927146141
0.385,0.6104371917005463,0.004562808299453658
0.38545074226661746,0.61,0.00454925773338255
0.386,0.6094671018389306,0.0045328981610693875
0.3864812169333113,0.609,0.004518783066688736
0.387,0.6084962893600298,0.004503710639970238
0.3875109020142181,0.608,0.004489097985781898
0.388,0.6075247543817484,0.004475245618251633
0.38853979943272593,0.607,0.004460200567274031
0.389,0.6065524970126681,0.004447502987331875
0.389567911094489,0.606,0.004432088905511056
0.39,0.6055795173520646,0.004420482647935375
0.39059523888758685,0.605,0.004404761112413169
0.391,0.6046058154899219,0.004394184510078114
0.3916217846826803,0.604,0.004378215317319745
0.392,0.6036313915069469,0.004368608493053094
0.3926475503331665,0.603,0.004352449666833458
0.393,0.6026562454745843,0.004343754525415688
0.3936725376753311,0.602,0.0043274623246688515
0.394,0.6016803774550284,0.004319622544971535
0.3946967485284984,0.601,0.004303251471501568
0.395,0.6007037875012371,0.004296212498762886
0.3957201846951797,0.6,0.004279815304820356
0.396,0.599726475656943,0.004273524343056945
0.39674284796121967,0.599,0.00425715203878041
0.397,0.5987484419566655,0.004251558043334436
0.39776474009594043,0.598,0.004235259904059596
0.398,0.5977696864257213,0.004230313574278721
0.39878586285228396,0.597,0.004214137147716013
0.399,0.5967902090802342,0.00420979091976581
0.3998062179669525,0.596,0.004193782033047544
0.4,0.5958100099271454,0.004189990072854588
0.40082580716054694,0.595,0.004174192839453084
0.401,0.5948290889642222,0.0041709110357778245
0.40184463213770355,0.594,0.004155367862296422
0.402,0.5938474461800659,0.004152553819934068
0.4028626945872289,0.593,0.004137305412771131
0.403,0.5928650815541205,0.004134918445879432
0.4038799961822325,0.592,0.004120003817767448
0.404,0.5918819950566787,0.004118004943321263
0.4048965385802584,0.591,0.004103461419741605
0.405,0.5908981866488895,0.004101813351110484
0.40591232342341427,0.59,0.004087676576585708
0.406,0.5899136562827634,0.004086343717236596
0.4069273523384993,0.589,0.004072647661500728
0.408,0.5879424294378831,0.004057570562116974
0.4089551488158656,0.587,0.004044851184134446
0.41,0.5859683139555465,0.004031686044453586
0.4109799407253264,0.585,0.0040200592746736374
0.412,0.5839913091233312,0.004008690876668886
0.41300166495455337,0.583,0.003998335045446666
0.414,0.5820109243434581,0.0039890756565419405
0.41501966838326754,0.581,0.003980331616732502
0.416,0.5800273987658887,0.0039726012341113615
0.4170348340467631,0.579,0.0039651659532369266
0.418,0.5780411041804167,0.003958895819583419
0.41904717287702187,0.577,0.003952827122978175
0.42,0.57605203956757,0.003947960432430064
0.4210566955995289,0.575,0.0039433044004710815
0.422,0.5740602037705099,0.0039397962294901445
0.42306341273637604,0.573,0.003936587263624003
0.424,0.5720655954949849,0.003934404505015143
0.42506733460928364,0.571,0.00393266539071635
0.426,0.5700682133092495,0.0039317866907505605
0.4270684713425431,0.569,0.00393152865745694
0.428,0.568068055643949,0.0039319443560510425
0.42906683286588176,0.567,0.003933167134118287
0.43,0.5660651207919685,0.003934879208031594
0.43106242891725244,0.565,0.003937571082747615
0.432,0.5640594069082485,0.003940593091751543
0.4330552690455495,0.563,0.0039447309544505815
0.434,0.5620509120095655,0.0039490879904345855
0.4340506585715314,0.562,0.003949341428468589
0.436,0.5600396339742776,0.003960366025722473
0.4360393823123203,0.56,0.003960617687679635
0.438,0.5580255705420359,0.003974429457964113
0.43802537319232404,0.558,0.003974626807675907
0.44,0.5560087193134607,0.003991280686539311
0.4400086401191038,0.556,0.0039913598808961614
0.44198870730004763,0.554,0.0040112926999522625
0.442,0.5539885836398747,0.004011416360125364
0.4439655603767264,0.552,0.004034439623273545
0.444,0.5519651331378144,0.004034866862185682
0.445939596048835,0.55,0.004060403951164915
0.446,0.5499387587854627,0.0040612412145373256
0.4479108231775887,0.548,0.004089176822411278
0.448,0.5479094572221098,0.004090542777890227
0.4498792504432725,0.546,0.0041207495567274766
0.45,0.5458772249363566,0.004122775063643447
0.4518448863475506,0.544,0.00415511365244936
0.452,0.5438420582654883,0.004157941734511783
0.45380773921571427,0.542,0.004192260784285695
0.454,0.5418039533948082,0.004196046605191794
0.45576781719886833,0.54,0.004232182801131579
0.456,0.5397629063569339,0.0042370936430661255
0.45772512827605893,0.538,0.004274871723941032
0.458,0.5377189130310523,0.004281086968947689
0.459679680256343,0.536,0.004320319743656986
0.46,0.5356719691421363,0.004328030857863707
0.46163148078080096,0.534,0.004368519219199007
0.462,0.5336220702601215,0.004377929739878494
0.46358053732449417,0.532,0.004419462675505859
0.464,0.5315692117990415,0.004430788200958546
0.4655268571983683,0.53,0.004473142801631691
0.466,0.5295133890161232,0.004486610983876815
0.4674704475511031,0.528,0.004529552448896856
0.468,0.5274545970108413,0.004545402989158731
0.46844122134707983,0.527,0.004558778652920092
0.469,0.5264240859750221,0.004575914024977923
0.4694113153709111,0.526,0.004588684629088902
0.47,0.5253928307239298,0.004607169276070189
0.47038073047133705,0.525,0.004619269528662984
0.471,0.5243608306001842,0.00463916939981579
0.47134946748728446,0.524,0.004650532512715522
0.472,0.5233280849363525,0.004671915063647503
0.4723175272479183,0.523,0.004682472752081668
0.473,0.5222945930549151,0.004705406945084922
0.47328491057269323,0.522,0.004715089427306696
0.474,0.5212603542682304,0.004739645731769659
0.4742516182714037,0.521,0.004748381728596263
0.475,0.5202253678784987,0.00477463212150131
0.47521765114423387,0.52,0.0047823488557661165
0.476,0.5191896331777262,0.0048103668222738705
0.47618300998180624,0.519,0.00481699001819369
0.477,0.5181531494476866,0.004846850552313375
0.4771476955652303,0.518,0.004852304434769694
0.478,0.5171159159598848,0.0048840840401152
0.47811170866614955,0.517,0.004888291333850492
0.479,0.5160779319755164,0.0049220680244835835
0.47907505004678863,0.516,0.004924949953211355
0.48,0.5150391967454299,0.004960803254570156
0.4800377204599991,0.515,0.004962279540000947
0.4809997104466601,0.514,0.005000289553339865
0.481,0.5139996984689827,0.0050003015310172705
0.4819596293994755,0.513,0.005040370600524535
0.482,0.5129579284032691,0.005042071596730868
0.4829188562922375,0.512,0.00508114370776247
0.483,0.5119153749427884,0.005084625057211634
0.4838773918907205,0.511,0.005122608109279558
0.484,0.5108720372284674,0.0051279627715326015
0.4848352369510371,0.51,0.00516476304896285
0.485,0.5098279143900124,0.005172085609987609
0.48579239221968373,0.509,0.005207607780316259
0.486,0.5087830055458605,0.005216994454139479
0.48674885843358573,0.508,0.0052511415664142636
0.487,0.5077373098031311,0.005262690196868869
0.48770463632014127,0.507,0.005295363679858722
0.488,0.5066908262575757,0.005309173742424345
0.4886597265972651,0.506,0.0053402734027349075
0.489,0.5056435539935269,0.0053564460064731145
0.48961412997343107,0.505,0.005385870026568873
0.49,0.5045954920838476,0.0054045079161524345
0.4905678471477145,0.504,0.005432152852285488
0.491,0.5035466395898779,0.005453360410122121
0.4915208788098335,0.503,0.005479121190166469
0.492,0.5024969955613824,0.00550300443861762
0.4924732256401896,0.502,0.005526774359810416
0.493,0.5014465590364958,0.005553440963504186
0.4934248883099084,0.501,0.0055751116900916164
0.494,0.5003953290416684,0.0056046709583316145
0.4943758674808782,0.5,0.0056241325191217495
0.495,0.4993433045916098,0.0056566954083902
0.4953261638057895,0.499,0.005673836194210469
0.496,0.4982904846892328,0.005709515310767188
0.4962757779281728,0.498,0.005724222071827212
0.497,0.49723686832559555,0.005763131674404454
0.4972247104824361,0.497,0.005775289517563897
0.498,0.4961824544798432,0.005817545520156786
0.4981729620939019,0.496,0.005827037906098065
0.499,0.4951272421191488,0.005872757880851176
0.4991205333788433,0.495,0.0058794666211566815
0.5,0.4940712301986529,0.0059287698013471
0.5000674249445197,0.494,0.0059325750554802825
0.501,0.4930144176614025,0.005985582338597473
0.5010136373892118,0.493,0.005986362610788221
0.501957900877285,0.492,0.006042099122715028
0.502,0.49195537846101794,0.0060446215389820535
0.5029010421400936,0.491,0.00609895785990644
0.503,0.4908950329874731,0.006104967012526885
0.5038434862921954,0.49,0.006156513707804567
0.504,0.48983385548361175,0.00616614451638825
0.5047852339325992,0.489,0.00621476606740079
0.505,0.48877184476601643,0.006228155233983568
0.5057262856510989,0.488,0.006273714348901116
0.506,0.4877089996381346,0.0062910003618654176
0.5066666420283077,0.487,0.006333357971692322
0.507,0.48664531889020607,0.006354681109793925
0.5076063036356909,0.486,0.006393696364309087
0.508,0.4855808012991895,0.00641919870081048
0.5085452710355989,0.485,0.006454728964401135
0.509,0.48451544562868787,0.006484554371312123
0.5094835447812988,0.484,0.006516455218701256
0.51,0.48344925062887273,0.006550749371127262
0.5104211254170058,0.483,0.006578874582994221
0.511,0.48238221503640755,0.0066177849635924435
0.5113580134779143,0.482,0.006641986522085697
0.512,0.4813143375743701,0.006685662425629901
0.5122942094902276,0.481,0.00670579050977238
0.513,0.4802456169521731,0.006754383047826884
0.5132297139711878,0.48,0.006770286028812245
0.514,0.4791760518654846,0.006823948134515367
0.514164527429104,0.479,0.006835472570896006
0.515,0.4781056409961467,0.006894359003853268
0.5150986503633819,0.478,0.006901349636618148
0.516,0.4770343830120931,0.006965616987906875
0.5160320832645501,0.477,0.006967916735449942
0.51696386815792,0.476,0.007036131842080073
0.517,0.4759611706119695,0.007038829388030465
0.5178940720347549,0.475,0.007105927965245118
0.518,0.4748860739774515,0.007113926022548511
0.5188235699802752,0.474,0.007176430019724789
0.519,0.4738100992163142,0.00718990078368581
0.5197523624779383,0.473,0.007247637522061701
0.52,0.4727332448558601,0.00726675514413988
0.5206804500021164,0.472,0.007319549997883645
0.521,0.47165550940827916,0.00734449059172082
0.5216078330181225,0.471,0.0073921669818775015
0.522,0.47057689137055236,0.007423108629447617
0.5225345119822361,0.47,0.007465488017763922
0.523,0.46949738922435436,0.007502610775645624
0.5234604873417281,0.469,0.007539512658271907
0.524,0.46841700143595466,0.007582998564045318
0.5243857595348851,0.468,0.007614240465114885
0.525,0.4673357264561179,0.007664273543882105
0.5253103289910332,0.467,0.007689671008966725
0.526,0.4662535627200015,0.007746437279998464
0.5262341961305615,0.466,0.007765803869438426
0.527,0.46517050864705367,0.007829491352946305
0.5271573613649444,0.465,0.007842638635055577
0.528,0.4640865626409086,0.007913437359091391
0.5280798250967634,0.464,0.007920174903236543
0.529,0.4630017230892809,0.007998276910719082
0.5290015877197295,0.463,0.007998412280270484
0.5299207685302783,0.462,0.008079231469721726
0.53,0.4619137596936405,0.00808624030635946
0.530839194832369,0.461,0.008160805167631013
0.531,0.4608248277676099,0.00817517223239006
0.5317569056427077,0.46,0.008243094357292258
0.532,0.45973497124866947,0.008265028751330505
0.5326739013420234,0.459,0.008326098657976566
0.533,0.45864418836905796,0.008355811630942012
0.5335901823019777,0.458,0.008409817698022237
0.534,0.45755247734370685,0.008447522656293116
0.5345057488851844,0.457,0.008494251114815554
0.535,0.4564598363701177,0.008540163629882247
0.535420601445229,0.456,0.008579398554771023
0.536,0.45536626362823845,0.008633736371761513
0.536334740326686,0.455,0.008665259673313941
0.537,0.45427175728033725,0.008728242719662715
0.5372481658651382,0.454,0.008751834134861747
0.538,0.45317631547087583,0.008823684529124132
0.5381608783871926,0.453,0.008839121612807366
0.539,0.45207993632637966,0.008920063673620304
0.5390728782104975,0.452,0.008927121789502446
0.5399838168337927,0.451,0.009016183166207281
0.54,0.45098219532587774,0.00901780467412222
0.5408924231750811,0.45,0.009107576824918862
0.541,0.44988154526275903,0.009118454737240933
0.5418003035831325,0.449,0.00919969641686752
0.542,0.44877992669049793,0.00922007330950203
0.5427074583581687,0.448,0.009292541641831298
0.543,0.4476773375665546,0.009322662433445372
0.543613887791263,0.447,0.00938611220873703
0.544,0.44657377582888674,0.009426224171113218
0.5445195921643543,0.446,0.009480407835645688
0.545,0.4454692393958015,0.00953076060419844
0.5454245717502617,0.445,0.009575428249738283
0.546,0.4443637261658048,0.009636273834195186
0.5463288268126971,0.444,0.009671173187302873
0.547,0.44325723401744827,0.009742765982551693
0.547232357606278,0.443,0.00976764239372202
0.548,0.4421497608091753,0.009850239190824672
0.5481351643765399,0.442,0.009864835623460133
0.549,0.44104130437916406,0.0099586956208359
0.5490372473599474,0.441,0.009962752640052586
0.5499373685626667,0.44,0.01006263143733327
0.55,0.43993032698320655,0.010069673016793401
0.5508360018749385,0.439,0.010163998125061469
0.551,0.43881740665699903,0.010182593343000923
0.5517338990469915,0.438,0.01026610095300845
0.552,0.4377034714089077,0.010296528591092258
0.5526310602939177,0.437,0.01036893970608227
0.553,0.4365885188920545,0.01041148110794543
0.5535274858215469,0.436,0.01047251417845313
0.554,0.43547254673751323,0.010527453262486719
0.5544231758264561,0.435,0.010576824173543942
0.555,0.43435555255412933,0.01064444744587062
0.5553181304959781,0.434,0.01068186950402189
0.556,0.43323753392833825,0.010762466071661703
0.5562123500082092,0.433,0.010787649991790771
0.557,0.43211848842398043,0.01088151157601952
0.5571058345320163,0.432,0.010894165467983663
0.5579985578373647,0.431,0.011001442162635267
0.558,0.43099838017997993,0.011001619820020014
0.5588885608430136,0.43,0.011111439156986369
0.559,0.4298747221047846,0.011125277895215335
0.5597778172135763,0.429,0.011222182786423673
0.56,0.42875000491987164,0.011249995080128306
0.5606663270933204,0.428,0.011333672906679582
0.561,0.4276242259889189,0.01137577401108103
0.5615540906170897,0.427,0.011445909382910291
0.562,0.42649738265101256,0.011502617348987387
0.562441107910309,0.426,0.01155889208969102
0.563,0.42536947222043586,0.011630527779564193
0.5633273790889874,0.425,0.011672620911012566
0.564,0.42424049198645525,0.011759508013544806
0.5642129042597225,0.424,0.011787095740277531
0.565,0.4231104392131034,0.01188956078689668
0.5650976835197019,0.423,0.011902316480298103
0.5659813997704519,0.422,0.012018600229548093
0.566,0.4219789011180528,0.012021098881947245
0.5668626635889182,0.421,0.012137336411081778
0.567,0.4208440729740963,0.012155927025903734
0.5677431704054127,0.42,0.012256829594587348
0.568,0.419708139247482,0.012291860752518036
0.5686229202894976,0.419,0.012377079710502448
0.569,0.4185710969847346,0.012428903015265447
0.5695019133011235,0.418,0.012498086698876476
0.57,0.41743294320489716,0.012567056795102893
0.5703801494906293,0.417,0.0126198505093707
0.571,0.4162936748992828,0.01270632510071723
0.5712576288987402,0.416,0.012742371101259808
0.572,0.4151532890312242,0.01284671096877582
0.5721343515565672,0.415,0.012865648443432798
